1573
708 739 6
708 1019 54
0 576 3
576 1305 3
576 1345 2
576 1346 7
1 356 5
1 1426 14137
356 442 20
356 490 226
356 743 1612
356 1055 566
356 1426 4359
1426 743 2113
1426 1263 5
2 582 8
582 431 1
582 750 25
582 857 2
582 900 1
582 978 15
582 979 7
582 995 1
582 1120 13
582 1127 2
582 1131 7
582 1133 2
582 1135 14
582 1174 2
582 1251 13
582 1396 4
582 1398 1
582 1438 7
582 1477 8
582 1534 3
582 1536 6
582 1538 1
582 1572 4
3 37 8
37 1 9
37 11 1
37 56 1018
37 58 153
37 68 67
37 74 65834
37 81 25
37 83 2
37 131 1
37 229 60
37 334 87
37 340 2
37 345 1
37 370 111
37 408 640
37 576 449
37 633 2
37 673 8
37 691 93
37 696 2509
37 701 28
37 707 43
37 708 2661
37 713 4
37 715 13
37 736 21
37 739 424
37 960 90
37 1003 3101
37 1019 2084
37 1109 4
37 1247 28
37 1255 7
37 1313 53
37 1365 2
37 1400 7
37 1449 6
4 576 413
5 1029 2
5 1462 2
1029 1363 3
1029 1542 7
1462 1475 3
6 76 2
76 7 2
8 576 416
8 1268 2
1268 618 2
9 193 8
9 425 11
9 429 1
193 425 7312
193 474 3
193 1029 151
193 1404 5
425 76 2
425 486 313
425 554 1
425 573 1
425 576 17
425 659 2708
425 705 64
425 752 903
425 787 12
425 791 60
425 1021 10
425 1090 268
425 1219 126504
425 1250 3304
425 1284 3
425 1332 2
425 1353 2
425 1404 83
425 1421 22
425 1494 171
425 1497 9
425 1514 13
425 1530 118
425 1550 102
429 1303 79
429 1404 2
10 425 96
12 37 41
13 720 1
720 690 1
720 1365 65
14 193 6
15 576 17
16 58 480
16 74 8
16 392 8
16 960 2
16 1070 12
16 1399 1
16 1472 2
58 56 24
58 196 86
58 790 16
58 1013 34
58 1014 28
58 1015 47
58 1044 2
58 1045 15
58 1107 5
58 1140 4223
58 1447 23
58 1448 147
74 76 8450
74 358 209
74 486 480
74 708 1
74 1064 40782
74 1076 32
74 1090 335
74 1107 31
74 1116 2
74 1222 19438
74 1250 70376
74 1284 495
74 1305 6
74 1370 35865
74 1469 1996
74 1486 3256
74 1497 7
74 1530 236
74 1542 11089
74 1550 166
392 196 2
392 618 20
392 673 2
392 960 9
392 1103 30
392 1109 12
960 734 8
960 735 1
1070 1109 91
1399 1472 1
1472 386 3
1472 392 2
1472 1070 1
17 576 9
18 576 37
19 576 1
20 576 32
21 425 6
21 1202 1
1202 474 9
1202 1404 8
1202 1428 79
22 98 47
22 251 22
65 928 162
65 998 74
95 309 257
95 455 7536
95 750 722552
95 752 930587
95 805 150
95 903 8189
95 1064 560380
95 1068 124
95 1167 1756
95 1181 7450
95 1237 5375
95 1250 503767
95 1301 21178
95 1314 9367
95 1318 1021
95 1381 103855
95 1418 16187
95 1432 41314
95 1542 4686
98 750 19863
98 1529 2
146 98 19
146 269 171
146 750 40497
146 752 5286
146 905 27
146 998 726
146 1064 33539
146 1219 261
146 1222 451
146 1250 1195
146 1263 624
146 1381 112
150 805 34
150 1064 176
150 1246 39
174 269 64612
174 750 103498
174 752 113494
174 1064 82156
174 1222 4397
174 1250 38044
174 1381 467
174 1542 43
174 1553 27
248 63 34
248 100 1
248 113 44
248 123 92
248 251 46
248 269 239
248 582 32
248 1064 52
248 1222 45
248 1381 146
251 98 52
251 750 29624
251 867 154
251 1389 10
259 98 181
259 106 47
259 113 1
259 134 56
259 142 18
259 220 48
259 269 33854
259 368 5313
259 441 1562
259 654 3606
259 750 220653
259 752 143526
259 998 670
259 1064 87882
259 1219 23512
259 1222 65028
259 1250 1046
259 1263 446
265 127 128
265 269 167078
265 750 265852
265 752 208196
265 998 133
265 1064 394335
265 1219 99613
265 1222 218646
265 1250 868
265 1263 133
265 1381 152
265 1542 340
324 49 3
324 65 3
324 91 1
324 104 31
324 105 28
324 998 29
333 360 1
333 390 55370
333 490 566
333 750 608706
333 752 885197
333 905 13
333 998 282332
333 1064 584347
333 1219 487326
333 1222 502354
333 1250 311092
333 1263 456458
333 1312 184
333 1370 142
333 1371 9810
333 1381 296095
333 1389 26216
333 1418 268
333 1542 104679
333 1562 3009
341 269 4
341 363 10
341 366 23159
341 402 1
341 426 2
341 750 14532
341 903 93
341 998 39
341 1250 145
363 63 13
363 98 39
363 106 1
363 124 170
363 134 97
363 136 20
363 152 104
363 179 35
363 200 7
363 205 300
363 248 2
363 582 161
363 750 31271
363 752 12303
363 928 70
363 998 233
363 1064 41853
363 1219 189
363 1250 245
363 1381 82
363 1542 2
366 78 99
366 91 14
366 360 5
366 402 56333
366 582 54672
366 750 413735
366 752 341570
366 884 57285
366 997 37
366 998 42736
366 1064 402610
366 1219 190058
366 1222 184631
366 1250 200214
366 1263 26814
366 1370 8711
366 1381 674
366 1482 4
366 1542 6572
412 127 35
412 269 10
412 324 1
412 451 1
412 518 14
412 582 1
412 612 39
412 622 85
412 998 17
443 29 1
443 49 1
443 248 14
443 533 62
443 582 91207
443 750 150712
443 752 176694
443 917 3
443 938 3
443 998 68
443 1052 672
443 1064 96907
443 1219 1795
443 1222 105783
443 1250 15304
443 1261 1
443 1263 1581
443 1323 446
443 1381 201
443 1527 79
443 1542 44
443 1567 4345
451 106 10
451 200 3
451 205 5
451 218 3
451 269 1
451 402 5
451 998 7
489 259 75
489 443 101
517 106 4
517 622 636
517 833 124
517 998 521
518 220 72
518 248 59
518 308 60
518 341 6
518 451 12
518 582 15
518 750 148
518 998 25
518 1064 299
518 1219 160
518 1251 38
526 98 17
526 150 196
526 200 9
526 251 6
526 324 32
526 518 78
526 582 22
526 622 69
526 998 51
526 1040 3
588 63 5
588 104 464
588 142 14
588 202 5
588 363 72
588 412 8
588 517 592
588 612 182
588 622 53
588 750 179
588 905 2
588 998 46
588 1219 221
588 1250 445
588 1381 281
602 49 3
602 74 2
602 106 44
602 176 247
602 220 54
602 341 1
602 440 2
602 622 65907
602 662 7869
602 750 158768
602 752 673150
602 905 362
602 938 1
602 998 17542
602 1023 4828
602 1052 326
602 1064 44358
602 1132 56
602 1161 1
602 1167 7
602 1182 10252
602 1219 154429
602 1222 607247
602 1237 5563
602 1250 43276
602 1263 4381
602 1301 7821
602 1333 184
602 1366 3
602 1381 668
602 1441 204
602 1527 109
602 1542 220
609 23 1
609 104 8
609 113 14
609 136 10
609 750 35213
609 752 13162
609 928 62
609 998 43
609 1219 1623
609 1222 417
609 1237 1
609 1250 6
609 1381 184
609 1542 13
619 63 13
619 104 469
619 106 1
619 517 380
619 588 27
619 622 41
619 1222 21
622 42 50
622 69 86
622 98 195
622 100 4
622 152 2
622 308 24
622 376 2
622 451 59
622 750 124232
622 752 34720
622 864 1
622 998 94
622 1064 147747
622 1219 2592
622 1222 2309
622 1250 38400
622 1263 421
622 1381 737
622 1542 1
647 69 9
647 255 364
647 750 40518
647 752 1642
647 905 23
647 998 248
647 1064 5882
647 1219 1119
647 1222 346
647 1250 763
647 1263 134
647 1381 3
647 1542 6
652 29 4
652 43 162
652 105 42
652 176 235
652 179 272
652 324 3
652 425 5
652 631 122
652 750 512450
652 752 1441376
652 821 19956
652 884 8912
652 905 59
652 917 258
652 938 1466
652 941 4338
652 974 82
652 998 212
652 1052 10655
652 1064 251722
652 1069 294
652 1080 4197
652 1092 67
652 1099 23174
652 1105 160
652 1115 275
652 1143 5
652 1158 3169
652 1182 7167
652 1184 2394
652 1219 259708
652 1222 999738
652 1237 39573
652 1250 256952
652 1261 584
652 1263 7140
652 1285 319652
652 1301 149492
652 1314 36143
652 1318 269
652 1322 6903
652 1361 254
652 1370 27543
652 1387 1
652 1390 54356
652 1418 57729
652 1431 8755
652 1440 143
652 1452 57985
652 1521 6
652 1542 48952
652 1553 1922
755 255 64
755 942 73
755 1409 173
770 116 1
770 210 49
770 244 43
770 245 1
770 269 12
770 308 7
770 582 16
770 609 3
770 989 132
770 1409 192
773 34 41
773 119 1
773 141 26
773 200 108
773 282 110
773 402 68
773 426 182
773 464 2
773 465 1
773 609 155
773 652 398
773 942 19060
773 998 55
773 1064 5914
773 1219 1101
773 1222 1441
773 1250 4308
773 1263 3645
773 1381 1668
773 1409 132
773 1542 525
786 63 18
786 141 19
786 142 13
786 402 31
786 426 5
786 451 5
786 465 11
786 499 1
786 582 6
786 998 4
786 1064 36143
786 1219 66
786 1263 41
786 1432 136
837 78 2
837 98 45
837 136 1
837 402 35
837 1064 209415
837 1160 6
837 1219 53716
837 1222 46083
837 1250 74311
837 1263 1543
837 1324 5293
837 1381 1279
837 1409 110
837 1542 75
840 200 543
840 425 148
840 518 1
840 866 430
840 884 14
840 942 68712
840 998 8951
840 1064 155375
840 1132 123
840 1219 95633
840 1222 60576
840 1237 224
840 1250 115799
840 1263 850
840 1336 121
840 1381 362
840 1390 546
840 1409 143
840 1424 144
840 1439 281
840 1542 53
845 91 5
845 106 8
845 127 35
845 141 28
845 245 5
845 251 6
845 282 119
845 301 135
845 341 127
845 451 33
845 526 3
845 609 258
845 905 25
845 942 14
845 998 10318
845 1064 260081
845 1219 108052
845 1222 107363
845 1250 74775
845 1263 19836
845 1381 62440
845 1387 9
845 1409 1040
845 1499 40
845 1538 45696
845 1542 209
849 98 38
849 127 32
849 155 345
849 324 155
849 903 1
849 998 44445
849 1064 125134
849 1219 45150
849 1222 24537
849 1250 75368
849 1263 141
849 1381 1011
849 1542 924
869 91 1
869 113 27
869 152 196
869 218 2
869 245 70
869 316 94
869 360 3
869 588 113
869 998 390
869 1064 180438
869 1153 1397
869 1219 55864
869 1222 75001
869 1250 921
869 1257 5
869 1263 403
869 1409 870
869 1542 118
869 1562 907
875 42 13
875 213 4
875 251 63
875 259 28
875 301 282
875 363 116
875 412 34
875 422 20
875 430 13
875 451 10
875 475 13
875 518 5
875 520 15
875 525 29
875 588 8
875 647 63
875 793 3
875 837 65
875 888 6
875 906 34545
875 909 54
875 936 133
875 998 10
875 1005 151
875 1016 118612
875 1219 22
875 1409 67
875 1446 44
904 63 38
904 104 8
904 141 2
904 205 2
904 282 84
904 301 11
904 308 49
904 402 7
904 430 1
904 520 202
904 786 49
904 793 4
904 905 20
904 906 141099
904 998 9
904 1005 94
904 1016 188875
904 1064 292
904 1243 14
904 1381 28
904 1409 232
904 1542 1
936 100 4
936 105 326
936 489 2
936 588 2
936 786 22
936 840 115
936 942 1137
936 1538 1203
942 269 115
942 304 80
942 588 149
942 619 10
942 998 146
942 1250 6
1016 123 78
1016 127 47
1016 142 72
1016 316 5
1016 500 206
1016 585 5
1016 843 5
1016 1064 618287
1016 1219 658514
1016 1222 907261
1016 1237 21864
1016 1242 132
1016 1250 244001
1016 1263 276028
1016 1314 8732
1016 1366 1
1016 1381 82960
1016 1409 189
1016 1452 71154
1016 1542 130697
1016 1556 1
1016 1560 7563
1016 1562 944
1056 182 105
1056 1151 2023
1056 1221 1346
1056 1271 2201
1056 1367 1482
1056 1393 14670
1062 105 23
1062 113 31
1062 116 36
1062 144 1
1062 164 46
1062 179 248
1062 282 95
1062 381 490
1062 417 125
1062 475 69
1062 500 196
1062 609 462
1062 812 161
1062 815 1
1062 818 6
1062 1064 345542
1062 1164 638
1062 1180 144691
1062 1212 35442
1062 1219 111712
1062 1222 284699
1062 1242 3545
1062 1250 87628
1062 1258 23986
1062 1263 4848
1062 1280 329
1062 1287 145145
1062 1367 145
1062 1381 964
1062 1393 18136
1062 1409 398
1062 1411 1887
1062 1418 24612
1062 1434 124
1062 1542 1061
1062 1562 5
1067 63 134
1067 95 197
1067 134 55
1067 182 104
1067 304 128
1067 331 47
1067 609 127
1067 773 283
1067 840 257
1067 904 128
1067 909 135
1067 1151 15476
1067 1212 267
1067 1221 396
1067 1222 47
1067 1223 18101
1067 1287 54
1067 1367 14023
1067 1393 26497
1067 1409 931
1072 69 10
1072 106 50
1072 123 126
1072 164 18
1072 179 63
1072 202 107
1072 381 2
1072 464 25
1072 489 15
1072 497 3
1072 517 64
1072 525 22
1072 526 134
1072 582 44
1072 619 253
1072 630 6
1072 755 1125
1072 774 40
1072 1041 74
1072 1164 715
1072 1180 52947
1072 1212 420
1072 1219 920
1072 1221 167
1072 1222 35975
1072 1250 1650
1072 1258 1609
1072 1263 1121
1072 1287 30661
1072 1379 136
1072 1381 398
1072 1393 63
1072 1409 248
1072 1411 24
1072 1542 49
1072 1556 1
1078 622 2
1114 66 7
1114 112 134
1114 205 2
1114 1219 25
1154 98 65
1154 113 15
1154 140 25
1154 210 49
1154 212 2
1154 220 28
1154 251 12
1154 282 267
1154 318 2
1154 341 2
1154 489 5
1154 619 1
1154 622 3
1154 646 2
1154 752 136
1154 770 1
1154 936 133
1154 1078 28
1154 1180 248
1154 1212 26
1154 1250 217
1154 1287 5482
1154 1379 40
1154 1393 17
1154 1409 262
1154 1411 8
1166 98 23
1166 105 21
1166 172 4
1166 381 3
1166 428 25
1166 646 31
1166 840 145
1166 845 32
1166 856 2
1166 875 7
1166 888 6
1166 1221 15795
1166 1287 40
1166 1379 40
1166 1409 349
1180 205 16
1180 363 120
1180 381 8
1180 518 105
1180 594 4
1180 786 5
1180 1164 4
1180 1219 445
1180 1222 409
1180 1250 9
1180 1258 18
1180 1263 453
1180 1381 71
1180 1409 542
1221 178 557
1221 304 135
1221 309 502
1221 325 170
1221 497 279
1221 609 164
1221 622 134
1221 753 531
1221 865 66
1221 942 98
1221 965 275
1221 1180 45
1221 1223 1849
1221 1409 1464
1242 146 1
1242 210 1
1242 909 101
1245 1292 102
1276 23 3
1276 451 53
1276 525 4
1276 844 7
1276 906 598
1276 911 2
1276 1121 33
1276 1193 95
1276 1250 3
1276 1287 153
1276 1409 1854
1276 1557 11261
1287 42 81
1287 155 98
1287 200 79
1287 202 1
1287 218 59
1287 282 118
1287 318 11
1287 427 71
1287 500 80
1287 827 14
1287 1242 74
1287 1324 184
1287 1337 138
1287 1381 2744
1287 1409 901
1287 1562 4
1379 69 73
1379 218 18
1379 251 43
1379 261 46
1379 282 1
1379 301 345
1379 318 14
1379 381 17
1379 390 36
1379 497 16
1379 518 35
1379 588 9
1379 837 45
1379 904 43
1379 1381 67
1379 1393 25
1379 1409 270
1379 1542 122
1409 426 240
1409 1297 427
1435 42 20
1435 63 11
1435 105 4
1435 292 16
1435 363 1
1435 417 14
1435 451 56
1435 588 5
1435 806 127
1435 904 38
1435 1121 5
1435 1154 20
1435 1193 1
1435 1344 28
1435 1392 7
1557 25 1
1557 134 49
1557 282 291
1557 316 60
1557 341 18
1557 402 11
1557 426 17
1557 588 13
1557 619 75
1557 774 49
1557 1084 3
1557 1114 54
1557 1133 3
1557 1292 46
1557 1367 8
23 1250 134
403 420 1
403 426 10
403 427 140
403 443 486
403 453 124
403 495 111
403 531 2254
403 580 84465
403 583 5486
403 588 567
403 590 138
403 602 588
403 604 90643
403 609 73
403 612 1072
403 622 31
403 646 101
403 647 519
403 750 88362
403 752 85341
403 754 47
403 773 2445
403 774 225
403 775 109
403 786 887
403 816 111
403 823 85
403 837 771
403 840 903
403 845 3379
403 849 12
403 855 349
403 862 1
403 865 189
403 869 83
403 879 135
403 901 12
403 904 2
403 906 313
403 909 1866
403 918 36
403 985 5061
403 998 746
403 1005 901
403 1008 2042
403 1016 84499
403 1017 511
403 1050 1166
403 1062 510
403 1064 234653
403 1072 16
403 1100 51
403 1106 182
403 1121 10
403 1148 44
403 1154 80
403 1164 422
403 1189 912
403 1190 21648
403 1191 668
403 1192 76536
403 1194 56
403 1197 265
403 1199 3
403 1212 535
403 1219 1420
403 1222 2576
403 1239 4349
403 1240 18
403 1250 4636
403 1258 2697
403 1263 504
403 1287 3811
403 1315 2
403 1369 3285
403 1379 493
403 1381 386
403 1409 80
403 1483 162
403 1541 14
403 1551 84
410 416 540
410 426 317
410 430 104
410 499 373
410 518 730
410 519 593
410 520 574
410 609 696
410 756 192
410 786 129
410 793 580
410 869 1168
410 889 232
410 905 606
410 906 820
410 998 685
410 1160 442
410 1219 2130
410 1222 1
410 1243 1017
410 1250 3336
499 612 174
499 1409 418
612 182 57
612 218 120
612 265 124
612 622 608
612 750 304
612 889 499
612 905 83
612 998 1261
612 1219 3794
612 1222 354
612 1250 238
612 1283 1211
612 1297 471
612 1381 1091
1243 104 3
1243 1409 53
1250 33 1
1250 1387 26142
1250 1481 4412
1250 1545 744
1260 136 2
1260 889 2
1260 1187 4
1260 1240 8
1260 1263 5
1260 1289 1
1260 1381 3
1260 1426 2
24 425 9
161 1462 81
161 1475 29
508 74 15
508 425 4
508 690 40
508 725 21
508 1006 1271
508 1231 18
508 1259 12
508 1351 10
508 1405 139
508 1451 1
508 1453 9
508 1462 6
508 1465 70
605 327 4
605 730 20
605 988 16
605 1006 3
605 1022 93
605 1029 2812
605 1144 168
605 1230 39
605 1303 8
605 1462 29
605 1475 10
988 1022 48
988 1029 953
988 1144 36
988 1230 112
988 1462 21
988 1475 5
1022 408 16
1022 1029 3598
1022 1144 403
1022 1230 67
1022 1462 195
1022 1475 35
1144 357 1
1144 1230 78
1144 1462 230
1144 1475 285
1230 1462 126
1230 1475 18
1475 429 20
1475 586 1
1475 1303 23
25 269 10
25 306 2278
25 574 328
25 750 158922
25 752 145683
25 998 709
25 1064 368987
25 1219 52715
25 1222 22064
25 1250 112717
25 1263 5353
25 1299 1526
25 1381 50197
25 1409 104
25 1542 25
63 98 25
63 251 2
63 269 29
63 750 45042
63 752 294
63 907 3302
63 994 2131
63 1064 370
63 1250 1650
64 275 5
64 574 1
69 750 29308
69 752 937
69 1064 546
69 1222 126
69 1250 166
69 1381 1
104 136 7
104 251 1
104 255 64
104 269 519
104 750 121956
104 752 179410
104 1064 212107
104 1204 4
104 1250 53092
104 1356 5
104 1542 13
104 1562 1
124 182 146
124 255 194
124 269 1353
124 750 45865
124 752 14570
124 998 166
124 1064 5128
124 1219 828
124 1222 2341
124 1237 76
124 1250 483
124 1263 2004
124 1381 70
124 1542 81
136 750 2052
136 752 14832
136 1064 50317
136 1250 36
152 442 139
152 493 123
152 750 15461
152 752 13844
152 1002 542
152 1064 127
152 1250 71359
179 91 4
179 136 53
179 182 314
179 269 59
179 750 71927
179 752 49647
179 1064 75776
179 1175 88
179 1222 56606
179 1250 230678
179 1263 1639
179 1381 999
182 154 2
182 269 36259
182 750 96464
182 752 455566
182 1048 29678
182 1064 157403
182 1120 10654
182 1134 14530
182 1225 248
182 1237 12
182 1250 97640
182 1251 5700
182 1301 56
182 1333 2901
182 1482 2
182 1538 40328
182 1542 610
182 1562 2
183 261 1
183 604 17081
183 612 201
183 752 2
183 1409 102
204 100 26
204 142 2
204 205 970
204 210 209755
204 245 2
204 248 111
204 255 70
204 259 46233
204 265 161749
204 269 215
204 282 159
204 283 125
204 304 15297
204 324 141
204 333 2198
204 341 1
204 363 12
204 366 117614
204 412 34
204 443 75271
204 451 2
204 464 4
204 489 190
204 518 2
204 526 94
204 582 48
204 588 2
204 602 59845
204 609 127
204 612 355
204 622 221
204 647 1074
204 652 315135
204 750 75724
204 752 668
204 773 81002
204 786 132
204 837 1430
204 840 209996
204 845 137741
204 849 317
204 867 145
204 869 460
204 942 125
204 998 146
204 1064 41712
204 1084 24
204 1117 6
204 1146 100
204 1151 125
204 1154 153
204 1164 10
204 1180 18054
204 1193 90
204 1212 25
204 1219 959
204 1222 298
204 1242 24
204 1250 54
204 1258 99
204 1263 1
204 1287 1522
204 1309 7
204 1379 21
204 1393 38
204 1409 585
204 1542 43
205 69 318
205 259 358
205 269 753
205 372 2
205 390 2
205 463 9
205 470 2
205 490 1
205 582 45
205 721 10
205 750 376301
205 902 1
205 905 2
205 998 480
205 1064 314711
205 1139 2
205 1186 2
205 1204 9
205 1219 132318
205 1222 70868
205 1250 52014
205 1264 1
205 1274 4
205 1289 1
205 1332 2
205 1374 6
205 1381 1176
205 1387 33
205 1401 1
205 1418 10
205 1426 26
205 1445 19
205 1542 7
205 1572 2
210 113 3
210 269 146625
210 750 154996
210 752 160625
210 764 237
210 899 6
210 989 172
210 1064 213043
210 1222 50170
210 1250 129217
210 1263 3439
210 1381 3717
210 1562 2
269 98 27
269 750 89406
269 752 20927
275 403 53
275 574 1
282 612 252
282 622 149
282 750 30926
282 752 37482
282 998 427
282 1064 522
282 1219 4
282 1222 14019
282 1250 36589
282 1263 3
282 1381 244
282 1417 94
282 1542 1
291 63 1
291 333 95103
291 443 26
291 517 255
291 612 884
291 647 65
291 750 56
291 752 21
291 786 47
291 837 425
291 845 689
291 909 52
291 942 67
291 998 28
291 1064 375
291 1409 877
303 333 15133
303 604 10862
303 750 84
304 251 156
304 390 836
304 518 13
304 582 2852
304 588 125
304 602 43908
304 609 105
304 619 27
304 622 29939
304 647 30483
304 652 53537
304 750 90489
304 752 127726
304 998 1237
304 1064 46796
304 1219 52745
304 1222 75536
304 1250 133475
304 1263 154
323 233 1
323 333 34
323 366 471
323 442 15
323 443 16096
323 475 41
323 526 136
323 582 5
323 602 926
323 612 745
323 622 6060
323 647 777
323 750 62196
323 752 41626
323 773 1542
323 786 133353
323 793 274
323 837 213942
323 840 37163
323 845 63729
323 849 32375
323 865 143
323 869 8450
323 906 9308
323 909 180150
323 998 94510
323 1005 1272
323 1016 180
323 1062 12077
323 1064 78447
323 1164 1632
323 1180 39
323 1212 195
323 1219 20027
323 1222 3239
323 1239 1553
323 1250 2736
323 1258 4236
323 1263 676
323 1287 210084
323 1337 104
323 1379 127521
323 1393 60
323 1409 383
323 1542 38
323 1543 77
323 1551 42
323 1557 64
326 22 25
326 49 128
326 78 118
326 98 22
326 100 19
326 333 510989
326 341 28
326 363 10810
326 366 259111
326 443 268949
326 517 169
326 518 112
326 526 20741
326 582 36517
326 588 56661
326 602 180
326 609 47
326 619 445
326 622 102298
326 647 103165
326 652 148277
326 750 41654
326 752 53832
326 770 7679
326 773 405020
326 786 60
326 837 95298
326 840 299735
326 845 105
326 849 92988
326 865 390127
326 869 168822
326 884 864
326 888 415
326 904 12431
326 906 230075
326 909 90666
326 936 5279
326 942 25064
326 998 1144
326 1005 35714
326 1016 747311
326 1064 138312
326 1164 691
326 1180 69870
326 1212 38151
326 1219 100688
326 1222 7702
326 1250 55898
326 1258 780
326 1263 6456
326 1287 106381
326 1379 10
326 1381 1585
326 1393 26631
326 1411 15
326 1542 498
331 22 466
331 23 124
331 127 37
331 200 8
331 333 731788
331 360 142227
331 363 120285
331 366 382674
331 390 51574
331 405 239
331 416 39741
331 425 8151
331 426 60845
331 443 138316
331 493 328
331 518 6817
331 519 6640
331 582 39
331 588 30861
331 602 488110
331 609 149655
331 612 2063
331 622 248104
331 647 3069
331 652 86969
331 750 912264
331 752 964816
331 756 7855
331 905 57462
331 922 122
331 992 52
331 998 259951
331 1002 18
331 1055 1818
331 1064 921282
331 1097 1898
331 1099 36
331 1157 14198
331 1160 12778
331 1167 1
331 1219 699030
331 1222 805826
331 1225 141
331 1237 377
331 1250 701887
331 1263 436332
331 1381 240490
331 1387 148
331 1409 113
331 1471 2389
331 1542 80972
381 200 1
381 205 2
381 265 50
381 443 4442
381 582 4
381 619 3
381 622 127
381 750 8
381 752 49
381 770 7
381 773 4
381 786 17
381 837 265
381 840 23619
381 845 7655
381 849 23376
381 869 56
381 906 4
381 998 61
381 1016 116
381 1064 456
381 1219 81
381 1222 3
381 1263 12
416 750 20964
416 752 11903
416 905 59
416 1064 316
416 1219 57457
416 1222 97762
416 1250 29502
416 1381 498
420 22 28
420 218 3
420 426 105
420 443 487316
420 489 15096
420 500 192
420 518 245
420 526 20674
420 582 14
420 588 82
420 602 98117
420 609 607
420 612 87
420 619 181
420 622 74281
420 647 66615
420 652 148
420 726 192
420 750 358342
420 752 394867
420 764 311
420 770 303
420 773 30
420 786 11562
420 821 36
420 837 64768
420 840 673898
420 845 163
420 849 67097
420 869 61634
420 905 54
420 936 30393
420 942 70109
420 998 13855
420 1005 34751
420 1012 25150
420 1016 631056
420 1023 40656
420 1064 296960
420 1069 160
420 1164 1481
420 1180 183986
420 1181 658
420 1184 3040
420 1212 29802
420 1219 270773
420 1222 388724
420 1237 30218
420 1242 92789
420 1250 83887
420 1258 606
420 1263 92951
420 1287 72789
420 1301 69
420 1333 309
420 1366 2
420 1367 45
420 1370 52136
420 1379 12367
420 1381 839
420 1390 46713
420 1393 10193
420 1409 218
420 1452 35506
420 1509 41
420 1527 15309
420 1532 45
420 1536 866
420 1538 108606
420 1542 43652
420 1556 17298
427 155 15
427 205 16
427 265 404
427 430 3
427 588 42
427 609 112
427 612 852
427 750 74392
427 752 111196
427 786 5
427 837 2
427 849 139
427 1005 109
427 1016 2
427 1064 89773
427 1212 75
427 1219 35769
427 1222 43742
427 1250 40995
427 1374 3
427 1381 282
427 1562 151
495 146 11
495 250 1
495 259 25
495 360 2
495 442 90
495 464 8
495 602 88
495 612 935
495 622 191
495 750 77727
495 752 3500
495 773 212
495 786 54
495 837 2189
495 840 216
495 845 5494
495 849 37
495 869 460
495 875 12
495 906 100172
495 909 279
495 998 62
495 1005 468
495 1016 12308
495 1064 79315
495 1130 7
495 1164 11006
495 1219 455450
495 1222 38576
495 1250 176368
495 1258 20568
495 1263 730
495 1379 1
495 1381 192
495 1542 5
504 259 1
504 282 141
504 366 1
504 612 428
504 750 14286
504 752 14003
504 1064 28648
504 1164 37
504 1194 21
504 1250 38462
504 1258 57
504 1551 1
520 135 241
520 218 18
520 220 15
520 285 239
520 316 86
520 525 14
520 612 377
520 750 152
528 265 35
528 269 11
528 566 376
528 604 46
528 612 631
528 750 21346
528 837 37
528 845 123
528 905 40
528 906 25407
528 1016 12
528 1164 92
528 1219 20039
528 1239 1
528 1250 34943
528 1287 5
528 1379 1
528 1381 75
580 324 24
580 526 3
580 582 103
580 588 90
580 602 1501
580 609 1
580 612 125
580 622 546
580 647 34819
580 652 73627
580 750 162978
580 752 155267
580 770 13
580 773 1316
580 786 37425
580 837 23310
580 840 147936
580 845 205454
580 849 213
580 869 1125
580 888 21
580 906 1419
580 909 271903
580 998 104426
580 1005 351
580 1016 156
580 1064 134685
580 1164 4326
580 1168 12
580 1180 170
580 1190 67199
580 1192 141442
580 1212 4650
580 1219 3651
580 1222 5458
580 1239 4290
580 1250 5838
580 1258 6094
580 1263 1747
580 1276 1
580 1287 125858
580 1315 48
580 1379 102502
580 1381 1731
580 1409 394
580 1435 3
580 1557 2
583 259 3
583 291 53
583 443 88
583 531 3557
583 604 66521
583 612 1389
583 622 24
583 638 39
583 647 3
583 750 1329
583 752 391
583 754 576
583 773 95
583 786 535
583 800 72
583 823 86
583 837 1112
583 840 629
583 845 4639
583 862 46
583 865 133
583 906 15357
583 909 424
583 985 62
583 998 325
583 1050 7
583 1064 10
583 1148 83
583 1180 3
583 1189 2829
583 1190 493
583 1191 1585
583 1192 36585
583 1258 4
583 1263 10
583 1287 522
583 1337 456
583 1369 38
583 1379 164
583 1409 434
604 22 69
604 49 59
604 98 2
604 152 132
604 251 66
604 341 1
604 465 1
604 500 78
604 609 58092
604 612 1764
604 619 26
604 622 110897
604 647 84311
604 652 16663
604 733 1868
604 744 10729
604 750 430056
604 752 557025
604 770 23889
604 773 317401
604 774 63
604 786 81592
604 797 262
604 837 146802
604 840 339902
604 845 80
604 849 95773
604 865 256961
604 866 32215
604 869 71075
604 875 64
604 888 53334
604 904 223
604 906 172471
604 909 428710
604 942 8804
604 986 9979
604 998 140251
604 1005 109959
604 1016 539598
604 1040 15722
604 1064 431966
604 1132 19584
604 1164 1103
604 1180 105361
604 1181 20870
604 1212 65690
604 1219 385820
604 1221 340
604 1222 387907
604 1223 263
604 1225 256
604 1237 37804
604 1242 150730
604 1243 48
604 1250 187613
604 1256 8214
604 1258 160292
604 1263 194434
604 1271 50
604 1287 82162
604 1321 13683
604 1337 33042
604 1338 2739
604 1371 11918
604 1379 126953
604 1381 90937
604 1393 42171
604 1409 635
604 1419 4925
604 1424 16990
604 1439 14561
604 1542 73253
604 1562 23485
611 213 16
611 426 2
611 517 205
611 536 4
611 750 14267
611 752 4918
611 774 3394
611 875 16
611 985 53
611 1050 1971
611 1100 340
611 1219 5016
611 1250 68123
611 1379 5
638 179 13
638 251 129
638 381 278
638 495 96
638 582 2
638 609 125
638 646 103
638 647 618
638 750 34031
638 752 14
638 786 18
638 818 119
638 837 31
638 840 177105
638 845 106555
638 860 136
638 906 18
638 909 1122
638 936 110
638 985 49
638 998 84
638 1005 7
638 1008 254
638 1042 105377
638 1050 31
638 1062 45591
638 1064 4290
638 1072 493
638 1164 215
638 1166 94
638 1180 8546
638 1190 477
638 1192 407
638 1219 564
638 1222 741
638 1239 84
638 1250 443
638 1258 334
638 1263 207
638 1287 347
638 1379 3
638 1381 113
638 1409 271
638 1444 8
644 282 9
644 752 11087
644 1050 3
644 1250 10
749 104 124
749 225 106
749 323 2
749 904 28
749 1125 121
749 1157 11
749 1190 123
749 1214 24
749 1250 135
749 1367 122
749 1471 328
750 440 8
750 1226 12
750 1371 153
750 1387 6476
750 1424 122
750 1463 30
752 143 4
752 189 9
752 411 6
752 621 7
752 686 6
752 808 12883
752 866 282
752 900 495
752 940 62423
752 986 374
752 1024 115
752 1033 4381
752 1052 764
752 1093 110425
752 1097 3346
752 1137 12067
752 1204 18
752 1225 600
752 1237 66136
752 1301 34297
752 1314 418749
752 1370 457801
752 1549 6
752 1562 31711
754 63 6
754 179 56
754 182 3
754 269 26
754 381 5
754 588 20
754 773 5
754 786 238
754 793 28
754 837 517
754 840 748
754 845 313
754 849 30458
754 909 525
754 985 286
754 998 242
754 1005 3
754 1008 28
754 1050 88
754 1062 91
754 1064 4546
754 1121 9
754 1164 458
754 1190 674
754 1192 1390
754 1219 52
754 1222 4
754 1239 163
754 1250 249
754 1258 7
754 1287 205
754 1379 106
754 1381 94
754 1409 126
754 1435 10
774 146 488
774 210 55
774 259 108
774 269 320
774 363 4
774 837 55
774 840 5396
774 849 34
774 906 47
774 998 47
774 1064 81026
774 1219 142726
774 1222 154152
774 1250 174255
774 1381 1384
774 1409 344
774 1445 10
823 136 27
823 179 6
823 182 114
823 259 22
823 495 35
823 773 1
823 837 416
823 840 213
823 845 381
823 869 9
823 906 17
823 909 545
823 985 2338
823 998 393
823 1008 9
823 1050 122
823 1062 357
823 1064 462
823 1148 35
823 1164 9
823 1190 61
823 1192 715
823 1219 516
823 1222 8
823 1239 5
823 1243 36
823 1250 233
823 1258 70
823 1263 3
823 1287 643
823 1369 36
823 1379 1275
823 1381 5
851 104 106
851 124 2
851 142 150
851 146 20
851 174 55
851 205 4
851 495 7
851 588 8
851 865 268623
851 906 1077
851 909 2161
851 985 254
851 1008 253
851 1016 151669
851 1050 479
851 1062 111
851 1064 83009
851 1072 50
851 1121 12
851 1148 31
851 1190 3814
851 1192 54296
851 1219 3856
851 1222 113130
851 1239 86
851 1250 18423
851 1287 52
851 1369 147
852 146 13
852 182 5
852 265 15
852 282 30
852 291 48
852 323 286
852 326 100
852 331 398
852 417 5
852 918 91
852 998 29
852 1005 31
852 1016 27
852 1017 45
852 1062 7
852 1064 140
852 1192 118
852 1221 9910
852 1239 54
852 1287 167
852 1369 129
852 1381 31
862 69 7
862 124 10
862 127 1
862 142 15
862 204 20
862 324 47
862 341 3
862 464 13
862 495 94
862 517 11
862 518 177
862 609 107
862 638 95
862 754 5
862 829 7
862 865 139
862 869 505
862 906 15
862 909 1369
862 942 37
862 985 388
862 998 134
862 1005 22
862 1008 667
862 1016 56168
862 1017 934
862 1018 91
862 1042 2085
862 1050 603
862 1062 222318
862 1064 37722
862 1072 698
862 1098 1
862 1117 10
862 1129 400
862 1148 4879
862 1154 56
862 1164 321
862 1180 4499
862 1190 1288
862 1192 500
862 1212 1632
862 1219 41
862 1222 334
862 1239 2244
862 1250 187
862 1258 114
862 1263 734
862 1276 11
862 1287 2775
862 1306 20
862 1315 69
862 1369 87087
862 1379 50
862 1381 24
862 1382 61
862 1409 112
862 1557 3465
891 210 28
891 464 4
891 589 1
891 602 33
891 647 7
891 906 65790
891 1016 12
891 1017 47
891 1062 55
891 1064 33
891 1148 13
891 1192 69
891 1250 6107
901 33 1
901 124 87
901 282 4
901 360 3
901 427 44
901 504 9
901 627 2
901 906 93
901 1008 9
901 1033 3
901 1064 31392
901 1106 41
901 1164 431
901 1190 7701
901 1222 38221
901 1258 6
901 1260 3
901 1331 7
901 1381 257
901 1528 3
901 1542 28
901 1555 3
901 1566 1
906 360 95
906 465 15
906 500 131
906 526 257
906 942 250
906 962 166
906 998 37217
906 1064 564545
906 1153 23510
906 1211 4
906 1219 507521
906 1222 352262
906 1237 4665
906 1238 68
906 1250 243677
906 1263 101593
906 1283 26
906 1285 28
906 1297 24357
906 1301 789
906 1372 118
906 1381 48396
906 1383 2393
906 1409 529
906 1529 7874
906 1542 72608
906 1562 7364
909 123 28
909 155 6
909 251 58
909 363 54
909 426 38
909 464 2
909 500 177
909 526 57
909 582 1
909 998 4526
909 1064 45955
909 1219 2209
909 1222 11284
909 1250 31997
909 1263 393
909 1381 30
909 1409 93
985 83 2
985 135 1
985 136 3909
985 164 50
985 199 46
985 213 2
985 282 32
985 427 100
985 453 52
985 865 29
985 905 53
985 951 4
985 992 105
985 998 1559
985 1005 2169
985 1016 1184
985 1050 228555
985 1062 4342
985 1064 346927
985 1067 48
985 1072 709
985 1164 66847
985 1212 158
985 1219 391294
985 1222 54
985 1242 2
985 1250 238845
985 1258 163
985 1263 248817
985 1287 10106
985 1333 2851
985 1340 1029
985 1379 393
985 1381 13354
985 1560 832
985 1562 608
998 22 60
998 29 14
998 38 18
998 98 10
998 134 31
998 582 1
998 1064 72519
998 1219 3136
998 1222 2277
998 1250 46341
998 1263 544
998 1381 2071
998 1542 44
1005 136 14
1005 141 4
1005 245 48
1005 291 6
1005 324 57
1005 390 115
1005 430 22
1005 449 76
1005 475 48
1005 518 28
1005 588 25
1005 770 27
1005 774 37
1005 1064 161861
1005 1219 1100
1005 1222 6388
1005 1250 45769
1005 1263 3263
1005 1381 274
1005 1409 181
1005 1542 21
1008 33 3
1008 49 1
1008 63 990
1008 112 192
1008 152 20
1008 301 46
1008 889 1
1008 1016 592
1008 1050 74331
1008 1062 66
1008 1064 394638
1008 1072 702
1008 1097 2354
1008 1100 502
1008 1164 10697
1008 1212 1183
1008 1219 131866
1008 1222 56281
1008 1250 87297
1008 1258 244002
1008 1287 2329
1008 1379 418
1008 1381 1058
1008 1393 12
1008 1542 97
1017 34 1118
1017 49 5
1017 69 31
1017 179 78
1017 251 32
1017 318 4
1017 341 36
1017 363 65
1017 417 22
1017 451 17
1017 475 130
1017 517 455
1017 520 64
1017 646 143
1017 770 69
1017 831 25
1017 869 278
1017 875 20
1017 1042 35
1017 1050 237
1017 1062 76573
1017 1064 1473
1017 1072 31
1017 1084 214
1017 1100 4
1017 1121 1795
1017 1154 493
1017 1164 162
1017 1168 38
1017 1180 384
1017 1190 1194
1017 1192 800
1017 1193 95
1017 1212 767
1017 1219 62
1017 1222 64
1017 1239 107
1017 1245 115
1017 1250 1066
1017 1258 690
1017 1263 43
1017 1276 2
1017 1287 5008
1017 1315 113
1017 1379 55
1017 1381 14
1017 1393 47
1017 1409 398
1017 1435 4
1017 1556 3
1017 1557 4
1042 22 92
1042 49 20
1042 172 649
1042 205 19
1042 671 5
1042 786 2
1042 840 146
1042 844 39
1042 936 5
1042 1056 248
1042 1062 185815
1042 1064 26
1042 1072 1892
1042 1151 616
1042 1154 21
1042 1164 21
1042 1212 102
1042 1222 135
1042 1250 244
1042 1287 2865
1042 1326 5
1042 1381 10
1042 1409 324
1042 1542 4
1050 22 7
1050 63 321
1050 98 33
1050 262 6
1050 304 1040
1050 425 107
1050 588 48
1050 647 284
1050 1062 25441
1050 1064 404672
1050 1072 1119
1050 1164 61960
1050 1212 32
1050 1219 463167
1050 1222 295293
1050 1250 286503
1050 1258 251050
1050 1263 134368
1050 1287 3288
1050 1370 1
1050 1379 975
1050 1381 2527
1050 1393 54
1050 1488 7
1050 1542 78750
1050 1562 721
1064 22 3
1064 1269 2867
1064 1397 2
1064 1562 10012
1100 91 1
1100 179 179
1100 205 11
1100 213 8
1100 282 18
1100 304 38
1100 333 83
1100 464 1
1100 837 11
1100 875 12
1100 1064 128
1100 1164 149
1100 1219 93421
1100 1222 24870
1100 1250 79102
1100 1287 75
1100 1393 261
1106 95 205
1106 124 1
1106 152 60
1106 174 168
1106 230 4
1106 430 1
1106 464 4
1106 495 94
1106 588 85
1106 604 113
1106 609 102
1106 851 10
1106 863 135
1106 905 1
1106 1148 259
1106 1164 1
1106 1180 24
1106 1192 31
1106 1206 3
1106 1219 92108
1106 1222 96000
1106 1239 5
1106 1250 33851
1106 1258 10564
1106 1260 3
1106 1369 126
1106 1381 30
1106 1496 16759
1106 1542 23311
1106 1543 56
1106 1551 39855
1106 1554 1
1121 113 17
1121 220 17
1121 248 42
1121 301 970
1121 489 8
1121 526 13
1121 582 41
1121 619 17
1121 942 85
1121 1219 262
1121 1222 942
1121 1250 308
1121 1263 567
1121 1379 30
1121 1381 705
1121 1393 138
1121 1409 65
1121 1542 237
1121 1557 4188
1123 182 15
1123 427 9
1123 495 7
1123 622 22
1123 773 71
1123 774 17
1123 909 16
1123 1190 3549
1123 1192 109
1123 1219 33549
1123 1222 81391
1123 1250 10427
1123 1258 81
1123 1287 2700
1148 22 66
1148 74 17
1148 98 71
1148 142 17
1148 212 120
1148 291 14
1148 402 50
1148 412 23
1148 426 11
1148 500 190
1148 518 7
1148 525 245
1148 609 81
1148 842 1
1148 856 19
1148 1154 88
1148 1164 583
1148 1166 73
1148 1180 1965
1148 1193 71
1148 1212 38
1148 1219 5395
1148 1222 3454
1148 1239 1613
1148 1242 19
1148 1250 672
1148 1258 951
1148 1263 509
1148 1287 44813
1148 1309 62
1148 1315 216
1148 1379 154
1148 1381 263
1148 1393 62
1148 1409 775
1148 1540 219
1148 1542 236
1148 1551 22
1148 1557 29361
1164 69 136
1164 282 109
1164 308 130
1164 360 1
1164 363 169
1164 464 280
1164 518 128
1164 519 118
1164 588 13
1164 773 227
1164 905 20
1164 1219 105801
1164 1222 83188
1164 1242 16
1164 1243 128
1164 1250 152831
1164 1258 4
1164 1263 11304
1164 1381 1083
1164 1426 164
1164 1542 2
1190 23 3
1190 112 1224
1190 150 76
1190 226 5
1190 251 141
1190 282 74
1190 425 20
1190 430 55
1190 462 1
1190 588 126
1190 774 185
1190 803 119
1190 844 169
1190 1008 46
1190 1055 2
1190 1067 55
1190 1114 117
1190 1192 59562
1190 1193 5
1190 1212 1967
1190 1219 343217
1190 1222 737815
1190 1250 209637
1190 1258 357744
1190 1287 31550
1190 1370 21
1190 1379 3143
1190 1381 92914
1190 1409 84
1190 1542 27987
1190 1551 27866
1190 1557 19250
1192 49 5
1192 104 112
1192 213 21
1192 245 4
1192 246 64
1192 291 66
1192 305 31
1192 324 1101
1192 426 102
1192 489 68
1192 619 154
1192 770 3
1192 802 4
1192 1078 23
1192 1145 1
1192 1193 35
1192 1212 114
1192 1219 4161
1192 1222 20494
1192 1250 54807
1192 1258 6491
1192 1263 3831
1192 1287 12478
1192 1337 370
1192 1379 5657
1192 1381 1915
1192 1393 46
1192 1409 949
1192 1557 171
1194 136 164
1194 205 3
1194 213 1
1194 360 13
1194 430 56
1194 495 42
1194 765 2
1194 942 11
1194 1114 93
1194 1212 75
1194 1219 21359
1194 1222 51155
1194 1250 19188
1194 1258 13700
1194 1289 13
1194 1381 453
1194 1394 1
1194 1401 1
1194 1541 1
1194 1542 7
1199 104 25
1199 331 6
1199 1106 2
1199 1164 1
1199 1192 16
1199 1222 33608
1199 1250 10
1199 1381 4
1212 22 35
1212 42 48
1212 106 37
1212 213 25
1212 220 4
1212 245 4
1212 301 578
1212 363 53
1212 380 23
1212 426 17
1212 582 3
1212 652 50
1212 904 64
1212 1219 774
1212 1222 179
1212 1258 355
1212 1263 94
1212 1381 534
1212 1389 9
1212 1409 550
1219 58 868
1219 62 3
1219 1222 681887
1219 1237 3232
1219 1250 370183
1219 1263 286028
1219 1301 747
1219 1370 65127
1219 1381 49887
1219 1469 3631
1219 1486 2689
1219 1542 193646
1219 1558 1
1222 187 4
1222 215 1
1222 781 207
1222 819 270
1222 1068 42
1222 1069 1
1222 1089 3
1222 1225 16255
1222 1237 94674
1222 1250 204453
1222 1301 727
1222 1314 143191
1222 1370 269152
1222 1418 238
1222 1542 240973
1222 1562 66
1239 98 189
1239 134 138
1239 265 161
1239 282 76
1239 316 99
1239 427 58
1239 849 112
1239 856 80
1239 1036 115
1239 1123 33
1239 1250 94451
1239 1258 5137
1239 1263 247389
1239 1287 1966
1239 1379 334
1239 1381 10290
1239 1384 6
1239 1470 145
1239 1542 200
1239 1551 111
1240 74 8
1240 427 2
1240 852 6
1240 1062 314
1240 1072 116
1240 1192 601
1240 1250 8737
1240 1258 13586
1240 1263 295
1258 136 40
1258 285 51
1258 301 21
1258 363 204
1258 426 1
1258 609 88
1258 932 3
1258 1263 229540
1258 1381 7221
1258 1542 90
1258 1562 397
1263 69 20
1263 91 11
1263 905 9
1263 1381 1410
1263 1542 15
1354 49 1
1354 84 1
1354 146 13
1354 182 3
1354 220 1
1354 323 15
1354 326 536
1354 417 2
1354 869 68
1354 936 6
1354 1180 19
1354 1192 3
1354 1369 10941
1354 1379 14
1354 1380 26
1354 1393 40
1354 1409 124
1354 1483 20
1354 1557 7
1369 150 155
1369 152 107
1369 192 4
1369 213 76
1369 218 1
1369 226 226
1369 248 163
1369 390 288
1369 518 90
1369 531 401
1369 646 6
1369 774 42
1369 842 132
1369 856 120
1369 1123 38
1369 1189 133
1369 1242 126
1369 1276 116
1369 1379 340
1369 1381 639
1369 1409 67
1369 1411 56
1369 1418 65
1369 1505 81
1369 1542 90
1369 1551 2
1369 1557 102098
1381 152 4
1381 442 19
1381 1542 9
1381 1562 1
1542 360 2
1542 402 1
1551 105 2
1551 124 84
1551 174 111
1551 210 99
1551 273 1
1551 341 100
1551 462 40
1551 464 2
1551 770 3
1551 869 54
1551 904 1
1551 912 1
1551 998 12
1551 1164 13
1551 1192 2
1551 1271 5
1551 1381 25
1551 1393 1
26 99 11
26 906 20076
99 906 7724
99 1071 79
27 95 2711
27 602 1
27 652 7231
28 95 35302
28 507 73
28 770 1
28 1540 78
507 602 107
507 845 117
507 849 6130
1540 63 39
1540 104 22
1540 116 2
1540 152 2
1540 172 12
1540 210 72
1540 363 1
1540 525 29
1540 646 17
1540 647 32
1540 837 18
1540 844 2
1540 875 6
1540 909 285
1540 936 9
1540 1017 11
1540 1164 78
1540 1166 78
1540 1250 165
1540 1331 2
1540 1435 65
29 104 25
29 750 16
29 1064 5055
1214 1008 10
1214 1064 12
1214 1204 4
1214 1260 8
1214 1331 3
30 95 13125
30 304 144
30 331 141
30 602 18257
30 652 37487
30 1016 1134
30 1219 44
30 1369 7
31 124 36
31 125 8
31 182 29505
31 296 1
31 326 5248
31 418 8414
31 420 4832
31 462 9
31 536 4
31 552 2
31 582 2337
31 589 13
31 595 6
31 597 31819
31 638 2
31 652 17872
31 773 3271
31 883 32
31 927 4017
31 1031 6
31 1032 18
31 1062 3
31 1121 3136
31 1331 817
31 1566 1
31 1572 4
418 927 4077
418 1032 2
418 1331 5
462 276 3
462 602 179
462 1064 42
462 1542 43
536 127 4
536 210 12
536 341 15
536 366 227
536 454 2
536 580 3
536 582 26
536 602 44766
536 645 4
536 652 66582
536 750 3
536 752 1
536 865 8
536 1008 5
536 1042 7
536 1193 25
536 1222 2456
536 1298 9
536 1331 46
552 927 1
552 1444 3
589 501 1
589 796 6
589 927 4
589 1032 2
589 1129 5
595 122 7
595 589 1
595 757 1
595 1062 35761
595 1252 10
595 1331 1
595 1557 3
597 927 1618
597 1005 1
597 1032 4
597 1193 6
597 1331 17
597 1426 6
597 1540 4
597 1557 2
883 84 2
883 454 1
883 582 2
883 927 2
883 1032 2
883 1197 6
883 1204 7
883 1354 2
883 1540 12
883 1557 6
883 1566 5
927 416 1
927 420 5
927 909 18
1031 582 5
1031 1331 2
1032 602 1
1032 1425 2
1331 34 7
1331 140 3
1331 159 5
1331 220 1
1331 243 14
1331 246 1
1331 342 2
1331 390 10
1331 422 15
1331 451 5
1331 514 6
1331 615 3
1331 624 5
1331 671 2
1331 767 4
1331 793 4
1331 840 5
1331 906 4
1331 924 16
1331 951 2
1331 982 2
1331 1088 6
1331 1220 2
1331 1263 4
1331 1301 9
1331 1309 8
1331 1366 23
1331 1376 6
1331 1381 2
1331 1413 2
1331 1503 31
1331 1505 1
1331 1542 10
1331 1543 2
1331 1557 212
1331 1572 1
1566 124 2
1566 142 2
1566 341 1
1566 528 3
1566 580 4
1566 622 6
1566 750 4
1566 906 2
1566 909 7
32 124 50
32 283 34
32 331 207
32 333 45735
32 416 73
32 453 172
32 507 43
32 604 13471
32 612 230
32 747 35
32 837 111
32 849 86
32 860 256
32 906 32
32 909 111
32 942 48
32 985 89
32 998 174
32 1212 28
32 1307 230
32 1380 49
32 1393 35
32 1409 99
283 324 146
283 998 210
283 1064 888
453 652 345
453 750 71
453 803 36
453 837 73
453 904 41
453 998 66
453 1062 70
453 1064 64
453 1066 131
453 1393 49
747 98 1
747 137 291
747 142 17
747 172 4
747 220 1
747 412 3
747 426 6
747 525 6
747 750 534
747 770 11
747 829 152
747 837 36
747 840 1301
747 844 1
747 888 240
747 904 250
747 906 9842
747 1016 34474
747 1017 12
747 1062 196
747 1072 1
747 1121 10
747 1129 28
747 1148 50
747 1154 108
747 1166 152
747 1168 5
747 1180 775
747 1193 3
747 1203 278
747 1212 84
747 1221 350
747 1287 142
747 1354 34
747 1379 35
747 1393 20
747 1409 180
747 1483 3
747 1540 8
747 1557 23
860 998 64
860 1016 1335
860 1250 245
1307 868 116
1307 869 107
1307 1119 138
1380 903 6
1380 1331 41
1380 1393 137
1393 22 9
1393 63 20
1393 98 32
1393 124 83
1393 179 100
1393 210 12
1393 426 7
1393 464 5
1393 497 7
1393 520 5
1393 526 37
1393 582 188
1393 609 169
1393 622 61
1393 806 44
1393 837 356
1393 875 22
1393 904 3
1393 909 52
1393 1164 32
1393 1223 31
1393 1409 1777
33 752 25936
33 1064 2
167 205 3
167 410 3170
167 414 756
167 416 142
167 461 1000
167 612 2889
167 750 167710
167 752 18727
167 774 7825
167 985 21007
167 1050 2633
167 1106 25387
167 1147 141
167 1164 522
167 1190 18356
167 1194 30
167 1206 142
167 1219 103329
167 1250 146
167 1258 339
230 205 9
230 1064 5
230 1222 12275
230 1258 799
1145 104 1
1145 889 48
1145 1219 6245
1145 1222 29390
1145 1263 3
34 22 2
34 63 1478
34 98 119
34 182 41512
34 269 1010
34 662 215
34 998 88
49 98 70
185 222 107
185 326 80
185 420 47624
185 443 38791
185 652 91556
185 773 70
185 840 60428
185 851 654
185 1016 549
185 1117 823
185 1216 1180
185 1424 99
203 95 165
203 443 219
203 652 36554
203 750 8
203 752 2
203 849 2
203 1331 3
218 22 21
218 113 8
218 182 6
218 269 130
218 1176 100
218 1381 245
218 1389 48
220 582 1
220 998 2
231 1121 95
231 1229 98
231 1409 87
231 1508 141
292 304 9263
292 326 17152
292 366 20405
292 381 10
292 426 4
292 475 1
292 517 8
292 582 5
292 588 16
292 602 26065
292 604 11258
292 619 6
292 622 8
292 773 7318
292 840 14323
292 844 14
292 888 55
292 1016 33244
292 1062 3
292 1166 120
292 1393 13
292 1409 160
301 304 20244
301 333 260588
301 366 86045
301 443 78610
301 602 62639
301 622 6844
301 652 161609
301 750 99
301 752 70046
301 1064 64832
301 1219 11158
301 1222 6642
301 1250 25374
301 1263 106
308 85 18
308 142 6
308 366 35876
320 146 2
320 204 43
320 304 12
320 324 8
320 326 720
320 366 127
320 420 169
320 428 3
320 443 10
320 451 24
320 517 1048
320 525 9
320 602 7
320 622 251
320 652 112
320 837 38
320 849 89
320 869 9
320 875 50
320 998 5
320 1016 62
320 1062 98
320 1121 46
320 1154 2
320 1168 2
320 1193 2
320 1212 16
320 1287 23
320 1315 3
320 1379 3
320 1393 107
320 1409 404
320 1557 43
428 49 49
428 106 8
428 366 37
428 520 122
428 588 44
428 602 2
428 619 1312
428 646 64
428 786 30
428 837 44
428 844 11
428 888 3
428 1005 6
428 1072 12
428 1084 5
428 1212 9
428 1287 18
428 1409 291
475 124 17
475 141 78
475 142 6
475 174 50
475 245 134
475 259 1
475 402 13
475 412 4
475 465 2
475 517 454
475 525 49
475 540 45
475 588 35
475 602 213
475 609 127
475 612 337
475 770 5
475 786 39
475 849 74
475 869 6
475 942 169
475 1409 423
521 22 59
521 26 3
521 104 40
521 105 46
521 113 28
521 251 3
521 282 8
521 316 58
521 324 15
521 381 84
521 518 38
521 525 35
521 526 12
521 588 4
521 602 206
521 612 779
521 622 205
521 647 163
521 652 85
521 750 18274
521 770 39
521 773 9925
521 837 122
521 840 57343
521 849 33327
521 865 355
521 869 36694
521 904 41
521 906 125825
521 909 70
521 936 5248
521 998 48
521 1005 272
521 1016 191560
521 1056 1630
521 1062 14
521 1067 24921
521 1072 47
521 1084 22
521 1164 121
521 1166 3
521 1180 4910
521 1193 23
521 1212 58
521 1221 3469
521 1223 7
521 1263 59
521 1287 260
521 1379 14
521 1393 78
521 1409 531
521 1542 172
521 1546 4
525 22 77
525 42 32
525 49 1
525 220 7
525 248 14
525 499 36
525 526 440
525 582 40
525 588 55
525 602 33635
525 622 148
525 647 33
525 773 62964
525 786 86
525 837 224
525 840 139
525 849 11059
525 998 206
525 1222 150
525 1409 652
540 612 167
540 647 85
540 869 2
540 1409 383
637 840 131
637 1066 136
637 1148 2834
637 1166 122
637 1379 148
637 1409 622
793 113 58
793 174 33
793 464 41
793 582 6
793 806 53
793 905 5
793 998 227
793 1219 639
809 49 5
809 124 35
809 998 33
809 1062 77
809 1072 28
809 1197 50
809 1287 42
809 1331 60
829 840 40370
829 849 17415
829 865 138596
829 869 3391
829 906 11630
829 1016 29254
829 1042 1
829 1062 89094
829 1064 10703
829 1072 2
829 1121 1167
829 1168 9
829 1219 217
829 1287 7873
829 1292 14
829 1315 86
829 1369 199
888 49 15
888 98 1
888 105 17
888 259 33
888 363 4
888 588 3
888 609 15
888 619 3
888 786 39
888 1409 44
1018 1042 1130
1018 1056 4630
1018 1154 104
1018 1221 5839
1060 525 31
1060 906 53
1060 1066 25
1060 1072 1
1060 1148 4
1060 1287 117
1060 1379 48
1129 22 165
1129 124 105
1129 174 145
1129 248 63
1129 251 12
1129 301 92
1129 308 1
1129 324 1
1129 451 9
1129 521 63
1129 525 4
1129 609 7
1129 646 5
1129 845 10
1129 936 19
1129 1042 264
1129 1084 18
1129 1117 4
1129 1154 28
1129 1180 41
1129 1212 18
1129 1242 5
1129 1245 10
1129 1287 15
1129 1315 2
1129 1366 6
1129 1369 409
1129 1393 1
1129 1540 1
1129 1557 4640
1162 1072 17
1162 1315 22
1162 1409 47
1168 113 6
1168 127 63
1168 146 9
1168 174 166
1168 245 2
1168 324 1
1168 426 8
1168 518 3
1168 526 113
1168 619 22
1168 770 35
1168 786 6
1168 837 20
1168 844 112
1168 875 12
1168 904 50
1168 909 4
1168 936 74
1168 942 43
1168 1042 157
1168 1072 76
1168 1084 447
1168 1100 25
1168 1117 11
1168 1166 4
1168 1180 535
1168 1192 73
1168 1212 5
1168 1222 2626
1168 1276 15
1168 1379 14
1168 1557 2502
1193 22 19
1193 106 51
1193 124 39
1193 200 56
1193 417 42
1193 525 2
1193 619 11
1193 646 49
1193 652 43
1193 1005 46
1193 1084 11
1193 1117 7
1193 1120 2
1193 1212 495
1193 1287 353
1193 1392 57
1193 1409 62
1244 49 2
1244 220 28
1244 301 34
1244 390 16
1244 525 141
1244 582 132
1244 936 149
1244 1064 78
1244 1081 87
1244 1154 110
1244 1193 7
1244 1219 233
1244 1221 3
1244 1245 12037
1244 1250 86
1244 1255 13341
1244 1285 8687
1244 1292 86860
1244 1309 22894
1244 1331 2
1244 1369 56189
1244 1436 16504
1244 1441 7
1244 1540 1732
1244 1557 5695
1315 63 94
1315 100 23
1315 104 59
1315 204 63
1315 212 2
1315 218 11
1315 318 40
1315 412 17
1315 417 55
1315 422 35
1315 426 3
1315 451 8
1315 464 39
1315 489 1
1315 521 26
1315 888 25
1315 936 288
1315 998 9
1315 1078 33
1315 1117 94
1315 1192 46
1315 1242 1
1315 1379 12
1315 1393 74
1315 1435 15
1315 1503 5
1315 1557 2721
1367 205 8
1367 609 260
1367 622 63
1367 1381 142
1367 1409 399
1373 146 13
1373 320 2
1373 326 1
1373 381 7
1373 521 24
1373 526 2
1373 582 1
1373 609 124
1373 786 10
1373 849 42
1373 1192 1
1373 1315 3
1373 1354 2
1373 1382 9
1373 1393 194
1373 1409 1275
1373 1557 5
1433 74 2
1433 297 4
1433 757 8
1433 909 4
1433 945 3
1433 1020 4
1433 1062 2
1433 1093 13
1433 1240 6
1433 1331 12
1433 1542 2
1433 1557 4
1508 526 57
1508 809 2
1508 1557 2
1517 248 131
1517 1154 2
35 602 62742
36 74 2097
56 68 2
56 576 4
56 708 2
56 739 4
56 1019 6
68 1247 5
83 752 4
83 1374 6
83 1542 16
229 408 58
229 659 888
229 1219 2258
229 1421 32
229 1486 127
334 708 9
334 1019 4
340 314 3
340 408 26
340 1044 13
370 36 4
370 459 2
370 581 18
370 716 1143
408 576 9
673 1215 2
696 708 16
696 739 27
696 1003 2
696 1019 16
707 701 1
1003 68 2
1003 701 2
1003 703 1
1003 1019 5
1003 1215 7
1109 1079 2
1365 103 9
39 25 32
39 104 25
39 105 23
39 134 85
39 251 31
39 259 31
39 265 30
39 269 25
39 331 39
39 363 72
39 366 134
39 381 27
39 521 27
39 750 25
39 835 33
39 862 33
39 865 72
39 869 63
39 944 162
39 949 72
39 962 33
39 1086 105
39 1129 28
39 1287 29
39 1359 177
39 1517 27
39 1557 61
105 22 41
105 251 2
105 582 2
134 127 48
134 182 50
134 269 28
134 429 140
134 799 17
134 905 40
134 1064 159
134 1130 5
134 1222 292
134 1238 26
134 1275 4
134 1442 4
134 1488 7
134 1490 14
134 1542 55
134 1549 6
134 1564 4
835 865 47
865 34 1
865 49 8
865 74 405
865 104 52
865 155 20
865 281 217
865 282 54
865 440 3
865 733 2
865 819 427
865 866 5997
865 869 135
865 884 126
865 906 128282
865 909 116054
865 917 386
865 923 42386
865 936 13
865 938 1024
865 942 224097
865 943 410
865 974 152
865 998 35
865 1016 593419
865 1023 9163
865 1052 11926
865 1064 43520
865 1092 34
865 1105 184
865 1143 23
865 1164 250
865 1181 102
865 1210 8908
865 1219 49984
865 1222 198669
865 1242 230535
865 1250 2430
865 1258 796
865 1261 289
865 1263 732
865 1285 58044
865 1301 3
865 1326 5783
865 1335 2856
865 1337 49399
865 1350 685
865 1390 4373
865 1437 125
865 1439 303
865 1440 194
865 1441 60596
865 1542 2813
865 1567 342
944 953 352
949 679 79
949 835 30
949 953 115
949 1369 52
949 1555 97
1085 248 35
1085 520 107
1085 771 55
1085 1154 54
1086 304 143
1086 1244 4340
1359 142 17
1359 182 2
1359 265 189
1359 366 2
1359 909 48
1359 1016 207
1359 1331 8
40 652 349
40 865 527
41 59 103
41 201 53
41 310 3
41 425 2078
41 429 16
41 482 1
41 586 38
41 592 71
41 668 12
41 885 21
41 971 29
41 1141 5
41 1303 17
41 1320 35
59 74 18
59 193 114
59 197 84
59 201 413
59 310 8
59 425 3110
59 586 17
59 970 106
59 1022 17
59 1029 15
59 1073 28
59 1163 2
59 1202 1
59 1230 27
59 1303 2
59 1404 2
59 1454 1
59 1455 2
201 425 1179
201 429 7
201 486 2
201 1303 8
201 1404 3
201 1475 2
310 425 186
310 1163 1
310 1455 1
310 1475 1
482 24 9
482 161 22
482 327 4
482 359 11
482 466 6
482 508 4
482 581 14
482 586 504
482 592 8
482 605 1
482 684 7
482 690 1
482 720 27
482 885 29
482 971 1732
482 988 8
482 1006 88
482 1022 10
482 1029 131
482 1063 10
482 1096 3
482 1230 19
482 1234 3
482 1248 9
482 1259 15
482 1303 19
482 1320 46
482 1405 25
482 1453 5
482 1475 22
586 1303 3
592 880 3
592 971 2
592 1163 6
592 1320 34
668 401 1
668 684 15
668 740 28
668 971 438
668 1029 2
668 1141 29
668 1234 6
668 1248 4
668 1259 8
668 1320 4
668 1405 56
885 429 1
885 880 8
885 952 12
885 971 2
971 690 4
971 1006 2
971 1320 5
971 1405 17
1141 586 3
1141 1320 36
1141 1405 5
1141 1410 1
1303 76 16
1320 74 2
1320 429 14
1320 1006 15
1320 1259 16
1320 1303 16
42 352 214
42 582 4
112 134 819
112 152 17652
112 155 18291
112 179 565
112 213 2263
112 251 27900
112 282 4024
112 283 130
112 295 131
112 331 398
112 363 817
112 416 16716
112 426 27289
112 449 3403
112 464 26836
112 495 128
112 497 14590
112 519 14648
112 609 15336
112 612 635
112 750 1003
112 793 150
112 875 1619
112 905 20394
112 1151 19134
112 1164 262
112 1223 16472
112 1258 17
112 1381 147
112 1387 215
112 1409 77
177 420 36305
177 443 117829
177 602 14151
177 604 66774
177 647 3
177 652 79925
177 752 22157
177 840 40718
177 865 207517
177 1016 1159
177 1193 1
177 1287 63
293 333 8043
293 428 128
293 517 2258
293 520 14
293 531 375
293 583 2368
293 604 2109
293 652 18
293 770 217
293 800 861
293 849 276
293 865 474
293 1016 86
293 1148 67
293 1189 191
293 1191 532
293 1192 35
293 1212 10
293 1369 133
293 1409 50
293 1432 52
293 1483 205
316 333 7398
316 602 162
316 750 119
316 1160 348
316 1471 23
353 336 109
353 679 98
497 124 5
497 174 1
497 269 20
497 612 416
497 622 52
497 750 15818
497 770 14
497 875 40
497 904 44
497 905 110
497 906 84478
497 1005 10
497 1068 57
497 1250 6
497 1258 96
531 174 64
531 326 213
531 331 180
531 604 111398
531 752 91302
531 840 5017
531 865 142774
531 1016 18973
531 1192 644
537 652 124148
537 865 95790
688 182 148
688 333 117
688 773 321
688 840 132
688 865 128507
688 909 52
688 1016 312
688 1062 764
688 1192 35
688 1244 18
800 1125 68
800 1191 53
800 1192 68
800 1256 9
800 1337 140
800 1392 4
844 22 54
844 218 85
844 251 46
844 318 4
844 324 38
844 333 21
844 363 139
844 412 46
844 525 55
844 619 64
844 849 540
844 906 13
844 909 174
844 936 26
844 942 58
844 998 15
844 1005 17
844 1016 137585
844 1062 60618
844 1064 3
844 1072 47
844 1212 103
844 1287 18
844 1367 8
844 1393 19
844 1409 356
1156 897 126
1156 1154 33
1189 1192 617
1189 1222 55060
1191 1062 58
1191 1192 415
1197 182 27
1197 218 31
1197 245 33
1197 246 13
1197 282 148
1197 292 25
1197 417 4
1197 540 45
1197 588 1
1197 845 2
1197 849 197
1197 1193 12
1197 1212 155
1197 1221 19650
1197 1222 148
1197 1223 3
1197 1315 88
1197 1331 99
1197 1354 156
1197 1367 166
1197 1369 25
1197 1373 70
1197 1378 55
1197 1379 183
1197 1393 23
1197 1409 270
1197 1523 4
1197 1540 26
1197 1557 24
1216 190 3
1216 248 6
1216 304 179
1216 752 70
1216 1017 3
1216 1192 52
1216 1244 180916
1223 23 42
1223 105 1
1223 325 6
1223 417 20
1223 475 1
1223 588 3
1223 831 1
1223 1212 6
1223 1263 2
1223 1409 259
1337 849 20
43 1219 120
44 129 3
44 582 7
129 387 1
129 582 16
129 1512 4
45 626 90
45 660 923
45 752 173
626 786 87
626 809 48
626 845 39
626 862 79
626 865 40
626 868 39
626 909 106
626 998 153
626 1154 46
626 1354 48
626 1367 41
626 1508 39
660 837 387
660 845 369
660 862 516
660 865 386
660 869 22
660 897 429
660 998 1366
660 1064 129
660 1148 50
660 1154 368
660 1331 35
660 1367 169
660 1373 210
660 1508 374
46 582 6
47 659 1660
47 667 2
47 1238 13
47 1346 3
659 408 17
659 667 1356
659 1228 6030
659 1346 604
659 1469 2878
659 1486 3756
659 1530 40
659 1550 173
1238 573 5
1238 1346 2
48 652 15739
48 985 17
184 200 7
184 205 132
184 1061 1
184 1393 3
184 1557 122
513 105 6
513 525 1
513 526 7
513 529 212
513 565 159
513 588 3
513 622 2
513 770 215
513 786 8
513 844 16
513 865 6642
513 984 2
513 998 137
513 1005 67
513 1223 4
513 1327 111
513 1354 68
513 1393 168
513 1409 40
513 1483 1
856 220 18
856 259 110
856 602 114
856 619 2
856 786 31
856 844 5
856 1212 63
856 1223 9
856 1367 132
856 1393 13
856 1409 8
967 124 9
967 200 4
967 210 167
967 849 3
967 993 5
967 1016 303251
967 1050 64071
967 1064 8
967 1170 1861
967 1190 2734
967 1192 983
967 1219 153374
967 1222 338837
967 1250 25414
967 1272 139205
1233 69 287
1233 220 4
1233 417 23
1233 525 18
1233 760 2
1233 869 15
1233 1005 7
1233 1062 121
1233 1166 17
1233 1243 57
1233 1373 4
1233 1392 12
1233 1483 3
1483 22 6
1483 179 22
1483 182 9
1483 246 35
1483 363 41
1483 464 11
1483 465 12
1483 831 9
1483 856 160
1483 888 15
1483 918 15
1483 984 2
1483 1008 130
1483 1054 19
1483 1166 19
1483 1192 126
1483 1258 98
1483 1271 40
1483 1315 14
1483 1380 159
1483 1381 1
1483 1540 9
1483 1543 4
1483 1557 74
50 333 13168
50 604 14453
50 752 1900
50 800 11
51 95 3700
51 174 201
51 200 31
51 480 35
51 513 62
51 529 30
51 770 104
51 839 4
51 872 26
51 998 33
51 1221 44
51 1287 29
51 1327 31
51 1393 26
200 218 44
200 255 154
200 265 19684
200 269 33
200 333 95413
200 752 132
480 293 42
480 513 38
480 529 39
480 770 85
480 1212 41
480 1327 137
480 1380 124
480 1393 63
529 269 3
529 580 133
529 647 135
529 770 209
529 849 14512
529 903 19
529 989 137
529 1072 84
529 1148 36
529 1166 7
529 1483 203
839 872 4
839 1154 24
872 1030 14
1327 1148 153
1327 1367 32
1327 1393 155
1327 1483 137
52 133 7
52 331 1402
52 1071 3
133 331 8688
133 410 475
133 636 5
133 756 148
133 1218 2
133 1250 75
1071 228 1
1071 838 5
53 59 48
53 74 45
53 94 238
53 193 3535
53 197 9
53 425 58
53 970 36
53 1029 13
53 1063 71
53 1073 61
53 1202 15
94 193 2100
94 197 40
94 201 2
94 425 6
94 970 46
94 1073 49
94 1202 6
197 425 1300
970 1029 17
970 1073 23
970 1202 909
970 1404 10
1063 24 3
1063 74 24
1063 94 1
1063 988 1
1063 1073 144
1063 1144 2
1063 1230 14
1063 1416 19
1063 1451 19
1063 1475 134
1073 730 1
54 74 26
54 370 288
54 616 8
616 958 3
55 76 48
55 130 1585
55 386 3
55 407 5
55 512 11
55 693 85
55 694 25
55 712 5
55 727 5
55 737 39
55 876 5
55 972 3
55 1009 5
55 1074 4
55 1096 13
55 1177 9
55 1310 14
55 1358 77
55 1416 9
55 1466 8
55 1476 2
130 314 2554
130 340 384
130 408 27
130 425 36
130 581 4284
130 618 9
130 684 16
130 693 2244
130 694 1667
130 703 25
130 727 3391
130 734 2619
130 735 4668
130 876 2408
130 892 2810
130 937 1424
130 959 1467
130 972 2480
130 1006 159
130 1009 3273
130 1029 36
130 1112 834
130 1234 4
130 1259 4
130 1298 2
130 1310 274
130 1330 1
130 1358 2172
130 1364 1612
130 1365 149
130 1388 1
130 1405 6
130 1416 4736
130 1453 10
130 1475 1
130 1476 2834
130 1479 1858
130 1565 1
386 734 11
386 735 687
386 959 5
407 425 24
407 581 125
407 684 6
407 720 755
407 727 1
407 734 2
407 735 2
407 1006 45
407 1259 79
407 1310 606
407 1365 29
407 1405 30
407 1416 51
407 1453 35
512 581 2
512 692 24
512 693 6
512 703 27
512 712 1
512 727 25
512 734 14
512 735 330
512 737 9
512 937 3
512 959 4
512 1009 11
512 1074 14
512 1112 116
512 1208 1
512 1364 3
512 1365 5
512 1416 1
512 1466 1
512 1476 24
512 1479 5
693 314 1
694 703 15
712 581 1
712 693 1
712 720 9
712 727 112
712 734 522
712 735 30
712 959 18
712 960 19
712 1365 27
712 1466 12
712 1476 106
712 1479 28
727 684 1
727 959 6
727 1365 4
737 694 5
737 876 11
737 972 2
737 1009 11
737 1074 109
737 1096 4
737 1177 2
737 1208 9
737 1254 3
737 1358 25
737 1466 6
737 1476 16
876 1259 1
876 1310 9
972 386 1
972 735 1
972 1009 11
972 1358 2
972 1364 5
972 1476 58
972 1479 36
1009 74 15
1009 1112 9
1009 1416 21
1009 1479 358
1074 74 9
1074 876 4
1074 1112 11
1074 1358 1
1074 1364 1
1074 1466 22
1074 1476 9
1096 79 1
1096 972 1
1096 1177 114
1096 1208 62
1096 1254 1
1096 1259 10
1096 1310 13
1096 1416 39
1096 1466 2
1177 1208 6
1177 1234 3
1177 1310 11
1177 1358 6
1177 1416 24
1358 103 2
1358 727 1
1358 937 2
1358 1310 2
1416 314 6
1416 876 2
1466 407 1
1466 693 4
1466 1208 1
1466 1476 16
1476 1479 1
57 571 22088
57 652 4422
57 752 255573
57 1222 68764
571 226 10
571 585 5
571 602 1196
571 604 137527
571 607 216
571 641 586822
571 652 3512
571 653 38271
571 677 173
571 687 403
571 689 236441
571 698 351
571 700 567
571 704 621677
571 718 1119
571 731 3917
571 733 93
571 750 266641
571 752 985714
571 778 819
571 779 755263
571 795 41850
571 810 557
571 816 117
571 824 5288
571 846 134
571 851 95
571 871 73435
571 884 76937
571 906 65991
571 940 7668
571 948 117305
571 967 891898
571 985 83602
571 987 157
571 993 976845
571 1008 288
571 1016 150960
571 1050 130972
571 1053 608
571 1062 73
571 1064 182885
571 1083 3017
571 1091 21192
571 1093 7781
571 1118 109
571 1122 1223
571 1164 127
571 1190 92190
571 1213 511
571 1219 313989
571 1222 537809
571 1239 76715
571 1250 83142
571 1258 82411
571 1263 19069
571 1314 119427
571 1319 236
571 1331 4
571 1349 1814
571 1368 195
571 1370 24482
571 1420 178
571 1542 111054
571 1551 9929
571 1554 2632
571 1557 56
224 340 30
224 370 234
224 618 2
224 682 314
224 729 2732
224 958 382
224 1079 60
224 1215 254
236 392 6
236 960 4
236 1472 3
256 1358 2
354 790 962
354 1268 4
496 95 159
496 124 1
496 652 86323
496 865 8530
496 1244 335
613 618 92
613 676 4
613 695 37
613 702 26
613 836 2
613 961 4
613 1046 2
613 1109 5
613 1140 7
613 1472 2
618 729 9
618 1044 3
618 1107 90
618 1215 27
618 1467 1
674 74 10
674 618 1
674 676 46
674 695 7
674 714 31
674 716 1
674 958 1
674 1070 17
674 1109 44
674 1467 1
676 695 7
676 702 9
676 714 96
676 961 4
676 1046 3
676 1070 17
676 1107 6
676 1109 62
676 1399 2
681 683 22
681 703 3
681 1140 9
683 676 13
683 695 2
683 703 68
692 693 5
692 712 204
692 720 9
692 727 24
692 734 193
692 735 89
692 959 8
692 960 2
692 972 19
692 1009 27
692 1074 15
692 1112 20
692 1358 3
692 1364 19
692 1466 11
692 1475 1
692 1476 129
692 1479 1
695 673 6
695 690 3
695 702 15
695 714 8
695 961 16
695 1070 4
695 1107 1
695 1109 9
695 1112 2
699 130 1
699 702 9
699 1365 64
699 1385 8
699 1416 1
699 1461 1
702 960 5
702 961 17
702 1046 12
702 1109 8
714 340 1
714 392 2
714 1070 7
714 1109 46
729 425 6
729 958 3
729 1079 2
729 1215 42
790 1140 347
961 1046 16
961 1107 34
961 1109 1
1046 714 3
1046 1107 16
1079 958 5
1215 1266 15
1421 408 1
1467 1109 1
1163 669 3
1163 885 1
1163 971 2
1163 1303 4
1163 1320 7
1404 1428 4
1454 669 8
1455 479 3
60 856 114
61 1503 7
1503 34 8
1503 412 12
1503 1185 3
1503 1190 4
89 589 3
106 98 25
106 251 47
106 269 1
106 582 1
202 22 65
202 113 6
202 269 2
246 182 1
246 259 33
246 265 73169
246 269 27
246 341 7
246 363 78
246 366 8394
246 582 2
246 602 31072
246 773 15913
246 865 193
246 869 28
246 906 36
246 998 63
246 1212 8
246 1223 7
646 25 74
646 49 59
646 98 2
646 105 17
646 124 20
646 142 7
646 205 41
646 220 4
646 245 7
646 246 1
646 304 2
646 363 3
646 518 13
646 520 46
646 619 21
646 652 70
646 750 892
646 752 102
646 770 18
646 773 12
646 837 51
646 840 28479
646 845 39757
646 849 43214
646 865 63
646 869 32
646 875 15
646 906 22
646 909 42
646 998 339
646 1005 6
646 1016 64
646 1064 675
646 1164 19
646 1180 4
646 1212 84
646 1219 159
646 1222 10
646 1223 4
646 1250 65
646 1287 101
646 1393 21
831 146 16
831 202 54
831 304 11
831 324 2
831 363 126
831 417 8
831 525 1
831 602 29
831 609 127
831 786 9
831 845 2
831 849 119
831 904 5
831 906 10499
831 1016 30059
831 1409 364
873 22 9
873 98 5
873 104 9
873 124 62
873 248 53
873 259 40
873 326 172
873 366 53
873 420 545
873 456 12
873 513 80
873 517 8
873 520 3
873 609 33
873 619 3
873 770 3
873 844 8
873 875 13
873 888 3
873 984 15
873 998 1
873 1005 16
873 1056 2461
873 1148 44
873 1168 34
873 1192 45
873 1212 8
873 1379 23
873 1393 3
873 1409 376
984 320 1
984 525 5
984 619 44
984 869 8
984 1017 7
984 1084 1
984 1212 24
984 1223 31
984 1276 2
984 1393 3
984 1435 4
1084 22 7
1084 42 2
1084 49 4
1084 182 6
1084 422 9
1084 609 101
1084 646 48
1084 844 96
1084 856 63
1084 875 12
1084 998 24
1084 1005 25
1084 1154 139
1084 1212 52
1084 1287 1040
1084 1392 47
1084 1393 2
1084 1409 174
1179 155 7
1179 174 3
1179 202 4
1179 269 8
1179 426 1
1179 451 10
1179 497 18
1179 622 5
1179 1166 1
1179 1393 3
1179 1557 3
1382 105 11
1382 124 6
1382 174 9
1382 202 16
1382 204 10
1382 251 14
1382 259 28
1382 324 3
1382 412 3
1382 426 4
1382 518 1
1382 521 28
1382 588 13
1382 604 24
1382 622 46
1382 646 10
1382 1005 6
1382 1129 21
1382 1179 15
1382 1381 14
1382 1393 6
1382 1557 33
1505 210 46
1505 443 84
1505 652 41
1505 1168 65
1512 198 6
426 98 5
426 179 4
426 259 9
426 265 24
426 750 19308
426 752 12812
426 928 152
426 998 72
426 1064 135
426 1250 26641
426 1381 135
591 150 64
591 609 27
591 1508 20
66 331 6722
67 1050 61
67 1100 6
67 1219 28983
751 32 7
751 155 82
751 427 139
751 622 124
751 755 18
751 891 115
751 897 326
751 1072 546
751 1160 537
751 1203 30
751 1380 57
751 1392 60
751 1420 90
70 420 49944
71 95 654
71 182 19
71 365 11487
71 366 1706
71 652 76243
71 1016 55847
72 95 165046
72 182 104965
72 304 259
72 331 4104
72 333 44783
72 366 302181
72 420 142959
72 602 138492
72 604 143559
72 652 251188
72 752 107510
72 840 39859
72 849 61646
72 865 1092
72 906 224955
72 1008 1
72 1016 126330
72 1050 56119
72 1062 41457
72 1219 103706
72 1222 107099
73 626 79
73 660 375
73 915 36
79 425 7
79 684 32
79 694 8
79 720 1
79 727 1
79 876 1
79 1234 20
97 370 6
151 425 8
207 898 2054
207 1391 1
317 393 5
375 1006 160
377 201 2
377 247 2
377 425 712
401 508 74
401 690 185
401 725 9
401 1006 1597
401 1231 5
401 1248 148
401 1259 12
401 1351 8
401 1405 250
401 1451 9
401 1453 18
401 1465 44
460 115 1
460 142 5
460 582 2
460 602 320311
460 604 167006
460 652 327858
460 750 25802
460 752 161786
460 840 82789
460 865 101596
460 906 893
460 1016 379528
460 1062 179780
460 1064 5109
460 1072 765
460 1148 241
460 1190 3272
460 1219 68835
460 1222 267163
460 1295 5
460 1331 2
469 534 32898
469 571 3440
505 931 67
505 935 15
505 1303 3
689 331 5
689 750 518
689 1016 2941
689 1219 28993
689 1222 71902
689 1272 11754
706 13 1
706 712 9
706 720 352
706 727 1
706 876 20
706 892 157
706 959 1
706 1006 5
706 1096 45
706 1177 43
706 1208 74
706 1259 51
706 1310 48
706 1405 97
706 1416 29
706 1453 109
723 527 4
723 732 599
723 738 17
723 774 93
723 913 266
723 1103 1826
723 1219 60441
723 1238 3953
723 1328 2
723 1457 10
723 1469 1786
723 1480 8
725 690 3
725 1298 4
735 340 20
811 1006 7
811 1029 179
811 1063 2
811 1363 6
836 58 2
836 151 8
836 201 1
836 407 2
836 429 22
836 482 5
836 547 6
836 586 23
836 668 9
836 813 7
836 885 16
836 892 10
836 952 320
836 971 9
836 1011 3
836 1029 1
836 1141 14
836 1149 3
836 1173 27
836 1208 5
836 1234 27
836 1254 4
836 1277 4
836 1303 30
836 1304 2
836 1330 165
836 1355 78
836 1405 20
836 1416 35
836 1475 1
937 959 5
937 1112 3
948 1272 22128
952 130 1
952 898 3
952 1173 21
952 1320 12
952 1330 4
958 1215 8
993 182 23
993 210 13
993 652 1234
993 770 206
993 1016 32110
993 1050 126698
993 1064 86871
993 1190 27518
993 1219 163527
993 1222 180697
993 1239 16532
993 1250 9950
993 1258 35663
993 1263 13671
993 1496 910
993 1542 86236
993 1551 14258
1006 408 26
1006 996 12
1006 1022 5
1006 1029 2462
1006 1124 92
1006 1230 3
1006 1238 4
1006 1298 3143
1006 1363 183
1006 1462 8
1006 1542 117
1035 262 5
1035 379 5
1035 1164 75
1035 1190 225
1039 408 6
1039 684 4
1039 720 16
1039 1303 65
1039 1377 4
1039 1422 16
1039 1454 15
1053 1062 1055
1053 1072 210
1053 1219 53423
1053 1222 182311
1103 913 10
1103 1219 3218
1103 1457 5
1103 1469 345
1112 694 4
1149 1029 1
1149 1254 8
1173 971 1
1173 1254 8
1234 727 2
1234 735 1
1234 1330 2
1234 1462 2
1248 971 1
1248 1230 1
1248 1231 2
1248 1259 1
1248 1405 856
1248 1416 6
1248 1453 3
1248 1465 23
1254 683 2
1254 1277 28
1266 58 18
1266 340 1
1266 370 15
1266 1284 147
1298 161 17
1298 690 8
1298 1022 19
1298 1029 19
1298 1475 19
1332 229 2
1355 130 2
1405 79 1
1405 429 32
1405 586 2
1405 876 1
1405 1022 3
1405 1416 24
1405 1451 15
1405 1453 891
1405 1465 123
1450 58 7
1450 673 2
1450 674 3
1450 676 1
1450 702 6
1450 714 3
1450 1070 4
1451 1363 2
1496 63 10
1496 174 36
1496 204 43
1496 205 11
1496 282 168
1496 316 142
1496 426 4
1496 430 59
1496 786 3
1496 849 20
1496 891 1
1496 985 52
1496 1005 22
1496 1072 17
1496 1369 13
1539 425 9
75 127 31
75 210 30
75 865 37
75 1148 66
75 1166 27
75 1354 61
75 1508 33
127 189 1
127 752 171
127 1064 40
249 256 22
249 549 1
249 694 6
249 711 3
249 737 4
249 876 3
249 1149 3
249 1177 2
249 1254 14
249 1277 19
472 694 1
472 952 1
472 1358 8
549 74 10
549 684 72
549 693 1
549 694 15
549 720 4
549 813 1
549 836 69
549 971 11
549 1096 2
549 1177 6
549 1234 55
549 1254 4
549 1277 1
711 130 4
813 1277 3
1412 7 2
1412 249 1
1412 1254 14
77 1032 1
80 602 4293
80 662 2
82 157 1
82 205 3
82 752 2
82 1542 6
82 1551 1
82 1557 4
157 192 2
157 205 4
157 373 3
157 420 2
157 453 39
157 602 5
157 752 13
157 865 5
157 942 5
157 998 32
157 1034 3
157 1110 6
157 1331 11
157 1526 4
1374 750 2
84 1517 3
85 253 16
85 366 8607
85 451 7
253 366 14279
253 451 13
86 571 1456
86 752 12350
87 197 13
87 201 2
87 232 4
87 252 2
87 310 4
87 425 1565
87 429 9
87 479 244
87 592 1
87 633 5
87 1422 186
87 1454 7
232 425 15
232 633 2
252 232 1
252 425 484
252 479 286
252 1422 2
252 1454 2
479 201 5
479 247 2
479 377 2
479 633 28
479 669 62
479 885 17
479 1163 3
479 1303 43
479 1422 417
479 1453 2
479 1454 87
479 1519 13
1422 633 18
1422 1454 29
88 142 4
88 182 6
88 259 168
88 366 155
88 420 122683
88 652 29102
88 770 4
88 1016 71321
88 1042 4
142 22 81
142 98 24
142 182 393
142 269 47
142 752 3
142 1135 10
90 443 675
90 865 14
90 966 72
90 1042 11128
91 752 15019
91 1250 3762
645 83 3
645 174 22
645 301 6
645 420 394
645 427 2
645 647 32
645 752 4018
645 865 13
645 904 47
645 906 8824
645 998 37
645 1016 44566
645 1062 73
645 1064 50
645 1164 28
645 1190 431
645 1219 66
645 1222 113
645 1239 44
645 1250 78728
645 1263 213
645 1379 51
645 1496 1
645 1542 1
645 1551 4
92 1050 1381
92 1194 2
92 1542 2
93 95 30863
93 124 211
93 127 4
93 182 5
93 420 28519
93 652 73663
93 865 6
93 1016 820
93 1062 23465
93 1222 55
93 1331 13
93 1369 381
100 182 52762
100 752 307
121 182 3564
121 265 179
121 366 192
121 420 49995
121 443 33
121 602 1246
121 652 141411
121 752 110
121 865 7323
121 906 57
121 1016 6658
121 1062 35583
121 1219 26
121 1244 1868
121 1250 347
123 182 49483
140 182 581
140 265 5088
140 333 1145
140 652 93673
140 865 101162
140 1062 6071
140 1064 10
140 1180 83
162 174 801
162 282 93
162 331 14060
162 363 2466
162 517 1304
162 580 3596
162 622 264
162 840 3602
162 845 892
162 869 4396
162 1233 715
164 182 137
164 210 108
164 265 142
164 304 161
164 366 80
164 602 39
164 652 58
164 773 46
164 845 84
164 869 39
164 1251 2
172 22 1
172 65 41
172 146 26
172 218 2
172 220 5
172 248 7
172 259 46
172 301 137
172 324 8
172 333 14592
172 341 1
172 363 38
172 366 27586
172 402 2
172 412 12
172 422 10
172 426 109
172 464 110
172 520 16
172 526 16
172 588 3
172 619 43
172 647 464
172 770 1
172 831 2
172 840 19480
172 888 12
172 906 9836
172 909 137
172 936 2
172 998 4
172 1005 103
172 1016 39119
172 1223 32
180 366 3209
180 420 110376
180 652 47962
180 1016 37583
181 420 4046
181 604 9870
181 652 1236
181 865 89
192 366 141
192 602 60680
192 652 143304
192 750 373
192 752 1791
192 865 463
192 1016 100130
192 1062 33941
192 1219 5
192 1222 3256
194 865 7017
212 265 7584
212 333 27665
212 752 975
212 865 62790
212 906 130
213 174 5
213 182 129
213 210 27
213 341 2
213 363 98
213 366 1897
213 426 220
213 442 118
213 602 147
213 647 2
213 750 13590
213 752 2312
213 773 19
213 837 2
213 840 107
213 869 16
213 998 1
213 1064 4
213 1219 36824
213 1222 8288
213 1250 72095
213 1263 41
219 142 5
219 652 158698
222 333 7146
222 420 666
222 604 40597
222 652 15693
222 773 242
222 840 1450
222 865 338124
222 1062 117
222 1148 46
222 1244 28813
226 142 213
226 200 2
226 259 22
226 265 42292
226 304 55761
226 333 59414
226 366 72593
226 420 179651
226 602 230960
226 604 131212
226 652 582100
226 750 9076
226 752 251278
226 840 696
226 865 196690
226 906 46767
226 909 802
226 1016 169337
226 1062 109687
226 1072 23069
226 1219 59253
226 1222 133132
226 1250 53684
241 1287 4855
243 462 8
245 105 1
245 265 63928
245 333 11997
245 1064 79
261 283 192
261 291 50
261 331 34
261 333 32808
261 363 34
261 793 156
261 837 257
261 840 52
261 906 42
261 998 369
261 1219 97
261 1243 1
284 366 148
284 420 125284
284 602 68545
284 652 28394
284 840 10
284 865 506
284 1016 70581
284 1222 62
302 331 33
302 420 2701
302 752 153
302 865 117341
302 1244 791
318 174 32
318 331 9872
318 333 47321
318 366 2553
318 849 930
318 869 1251
318 906 8709
318 1016 6401
318 1263 6
330 420 90687
330 602 2864
330 652 55760
330 1016 86030
336 220 1
336 428 8
336 443 148
336 467 137
336 646 41
336 1307 138
367 142 8
367 304 108
367 420 88121
367 604 473
367 652 236734
367 752 113
367 840 40103
367 906 65
367 1016 128933
367 1062 48679
367 1221 271
369 142 2
369 420 65048
369 652 47363
369 750 82
369 752 17678
369 840 442
369 865 79148
369 1016 53064
369 1148 327
369 1180 44503
369 1222 12073
369 1369 119
374 602 67381
374 604 85830
374 652 228246
374 752 97174
374 1016 2720
374 1222 105510
390 127 4
390 182 12
390 752 8523
417 113 16
417 200 24
417 269 68
417 273 40
417 381 15
417 402 5
417 412 6
417 588 1
417 602 93
417 612 64
417 622 67
417 845 15
417 849 9655
417 936 5
417 1005 6
417 1016 46675
417 1180 149
417 1409 392
419 49 49
419 122 2
419 182 1
419 324 1
419 517 1
419 589 4
419 602 160
419 619 44
419 646 41
419 773 4
419 1154 2
419 1212 38
419 1276 1
419 1354 2
419 1393 2
422 22 16
422 63 63
422 218 69
422 443 13876
422 526 67
422 602 112
422 619 75
422 647 69
422 840 20767
422 1263 6
423 420 212
423 602 49129
423 604 50447
423 652 76413
423 752 6759
423 865 276369
423 1016 170
423 1219 6
423 1222 388
423 1331 2
430 174 19
430 265 17
430 443 15
430 464 1
430 612 117
430 647 16
430 750 14143
430 905 95
430 1204 7
430 1219 40815
430 1222 35
430 1250 56915
430 1381 79
432 602 65227
432 652 280854
432 752 37718
432 840 844
432 865 69707
432 909 44
432 1016 108195
432 1062 82188
432 1072 283
432 1190 34
432 1219 433
432 1222 197
433 865 629
433 1244 15791
444 174 9
444 210 1
444 245 1
444 293 28
444 517 6
456 146 12
456 174 1
456 182 85
456 652 5943
456 773 62
456 786 1
456 865 53526
456 1042 331
456 1212 2
456 1327 34
464 22 2
464 63 2
464 104 1
464 124 1
464 308 3
464 426 38
464 518 8
464 602 1129
464 612 433
464 622 168
464 750 30842
464 752 14619
464 928 147
464 998 79
464 1064 756
464 1250 16
464 1381 3
491 25 10
491 210 2
491 604 104577
491 652 4611
491 750 20950
491 752 359567
491 840 867
491 845 1552
491 869 6
491 985 98037
491 1008 6421
491 1016 41549
491 1062 40
491 1064 82900
491 1222 22784
491 1239 57278
491 1250 17767
491 1258 23756
491 1263 10
491 1287 112
491 1381 46
500 366 88
503 602 15547
503 604 67326
503 652 64821
503 840 284
503 865 150966
503 909 767
503 1016 30
503 1062 1378
503 1222 62
523 602 56883
523 604 50603
523 652 252415
523 750 590
523 752 21236
523 840 70316
523 865 361107
523 1016 65233
523 1222 1082
523 1331 2
532 604 1243
532 865 130
532 985 7
532 998 6
532 1250 1073
550 174 23
550 495 1
550 604 11813
550 609 4
550 773 731
550 869 8
550 906 5277
550 1016 16217
550 1062 54
550 1106 1
550 1148 35
550 1250 1635
550 1359 1
555 602 8
555 883 4
555 1062 42
555 1193 1
555 1367 6
564 259 215
564 571 464
564 602 1885
564 604 799
564 652 236688
564 752 237120
564 1016 100437
564 1219 2344
564 1222 396203
564 1250 1217
608 74 9
608 652 276692
608 750 30745
608 752 442569
608 773 948
608 985 9
608 1016 148963
608 1050 2886
608 1219 109244
608 1222 252722
608 1272 113099
639 420 48
639 652 166052
639 1016 77879
639 1222 453
658 840 606
772 146 7
772 209 133
772 245 45
772 283 11
772 475 2
772 849 31501
772 856 126
772 891 344
772 897 140
772 1233 22
772 1307 135
772 1379 5
776 837 212
776 840 337125
776 909 254
776 1221 52998
776 1222 313
776 1369 55923
778 142 9
778 426 10
778 623 1
778 645 2
778 840 601
778 865 390351
778 906 63859
778 909 1416
778 1016 554245
778 1050 1549
778 1062 173918
778 1064 77862
778 1148 51972
778 1190 1870
778 1219 85846
778 1222 417178
778 1250 1620
778 1369 1516
782 331 60
782 840 428
782 865 266621
782 1222 18101
782 1250 1023
782 1369 7
784 146 5
784 862 172
784 865 41088
784 936 3
784 1016 1955
784 1148 4
797 1016 37
814 200 2
814 526 2
814 1331 8
818 381 1
818 867 153
818 1212 49
822 304 149
822 840 1081
822 865 186504
822 1016 77593
822 1062 77833
822 1219 32
822 1222 222
822 1244 28333
822 1331 2
825 124 10
825 840 179927
825 909 750
825 1016 50510
825 1062 83258
825 1221 65898
825 1369 2075
826 865 59619
847 637 99
847 984 5
855 752 113
855 865 156478
855 1192 182
870 1016 11143
870 1065 1
879 245 9
879 770 4
879 775 121
879 1148 41
879 1164 122
879 1239 133
879 1354 74
879 1393 3
884 1222 128504
912 265 13
912 282 44
912 602 27
912 840 4
912 1008 8
912 1016 7495
912 1250 5226
912 1557 6
918 282 17
918 324 23
918 609 23
918 845 45
918 909 13
918 1005 21
918 1016 11040
918 1064 48
918 1154 8
918 1190 24
918 1192 5364
918 1212 31
918 1250 39
919 366 164
919 1016 164951
919 1062 72831
919 1072 270
919 1180 1010
919 1222 96006
919 1250 202
930 142 2
930 182 11
930 1062 3
930 1222 342
945 182 7
945 426 2
945 752 233
945 865 11
945 1179 7
945 1331 10
946 1221 4037
1030 1221 15544
1038 773 309
1038 1017 159
1038 1154 73
1038 1221 323
1038 1244 7260
1054 22 9
1054 104 43
1054 200 2
1054 218 1
1054 259 9
1054 475 3
1054 588 45
1054 770 7
1054 786 8
1054 1212 27
1054 1223 5
1054 1393 38
1054 1540 1
1061 248 24
1061 333 480
1061 517 3
1061 553 35
1061 604 148
1061 747 105
1061 873 86
1061 1005 20
1061 1062 40343
1061 1084 44
1061 1104 130
1061 1121 86
1061 1154 4
1061 1192 302
1061 1193 141
1061 1354 98
1061 1379 9
1061 1435 44
1061 1531 2
1065 251 66
1065 609 28
1065 622 47
1065 647 35
1065 823 11
1065 845 2
1065 869 37
1065 875 16
1065 891 8
1065 1064 98
1065 1067 22294
1065 1148 47
1065 1168 7
1065 1273 35
1065 1306 3
1065 1373 9
1065 1379 41
1065 1409 323
1065 1517 99
1065 1543 4
1065 1548 3
1065 1557 51
1087 34 20
1087 42 20
1087 1244 7326
1098 142 2
1098 443 462
1098 1369 249
1110 445 5
1110 582 44
1110 1192 73
1110 1203 29
1110 1557 106
1113 1244 50779
1117 840 264
1117 1084 3
1117 1221 170
1117 1287 10512
1207 619 5
1207 1331 3
1235 1244 74
1265 22 5
1265 331 16
1265 341 3
1265 1212 3
1265 1331 10
1290 265 5
1290 526 1
1290 647 8
1290 1110 5
1290 1331 7
1290 1369 270
1292 752 10
1292 840 631
1292 1258 10
1292 1436 154
1293 78 1
1293 123 4
1293 248 2
1293 619 3
1293 647 3
1293 1042 2
1293 1062 384
1293 1111 48
1293 1148 193
1293 1193 72
1293 1245 155
1293 1369 136
1293 1436 3961
1295 182 49
1295 259 18
1295 462 46
1295 602 54
1295 773 52
1295 1064 87
1295 1239 47
1295 1382 47
1295 1496 44
1295 1551 47
1301 750 98
1306 269 22
1306 422 6
1306 451 5
1306 475 4
1306 652 50
1306 770 4
1306 773 100
1306 793 84
1306 831 31
1306 845 22
1306 904 11
1306 998 29
1306 1179 12
1306 1192 2
1306 1193 28
1306 1197 2
1306 1382 9
1306 1409 37
1306 1557 1
1309 619 9
1309 1292 3
1403 63 11
1403 1244 46
1411 443 4
1411 1287 71
1418 182 198
1418 750 167
1468 1104 100
1506 304 32
1506 521 2
1506 998 14
1506 1148 3
1520 282 44
1520 323 44
1520 475 11
1520 521 4
1520 619 2
1520 804 1
1520 865 2
1520 875 5
1520 906 54
1520 1017 3
1520 1018 2
1520 1065 6
1520 1193 23
1520 1197 12
1520 1212 21
1520 1295 44
1520 1382 1
1556 146 1
96 130 1886
96 386 12
96 407 2
96 512 6
96 692 13
96 693 16
96 694 4
96 712 1
96 727 37
96 737 40
96 972 27
96 1009 13
96 1074 28
96 1358 2
96 1365 6
96 1466 10
96 1476 9
96 1479 3
1479 58 1
1479 720 2
1479 734 4
1479 892 15
1479 937 2
1479 1112 7
1136 146 14
1136 155 135
1136 182 135
1136 301 41
1136 326 125
1136 363 10
1136 420 110
1136 443 29
1136 495 41
1136 497 3
1136 566 12
1136 604 4
1136 840 144
1136 854 100
1136 1062 101
1136 1065 5
1136 1179 4
1136 1192 40
1136 1194 10
1136 1222 27
1136 1250 25462
1136 1258 3
1136 1287 1
1136 1328 79
1136 1369 61
1136 1381 122
1136 1393 12
1136 1483 7
1136 1542 1
1136 1557 8
1203 105 6
1203 146 123
1203 218 35
1203 308 4
1203 326 92
1203 831 7
1203 844 42
1203 1072 2
1203 1244 159
1203 1327 50
1203 1369 539
1203 1380 29
1203 1508 124
1297 174 16
1297 518 1
1543 366 3
1543 451 8
1543 521 26
1543 582 7
1543 609 7
1543 786 1
1543 845 39
1543 875 7
1543 1005 15
1543 1223 26
1543 1271 1
1543 1379 2
101 142 4
101 144 20
101 182 4080
101 1366 4
144 182 11008
144 582 13
144 1289 2
1366 134 1
1366 526 2
1366 752 10
102 652 77887
102 1016 88226
892 425 10
892 693 1
892 727 3
892 1310 85
892 1405 22
892 1416 43
892 1453 3
1208 735 3
1208 972 4
1208 1112 5
1208 1254 1
1208 1310 35
1208 1416 154
1208 1479 3
1259 74 31
1259 959 1
1259 1298 11
1259 1310 9
1453 74 8
1453 633 2
1453 684 1
1453 690 9
1453 959 2
1453 1465 15
225 426 107
225 1239 112
225 1250 5470
225 1258 107
273 259 9
273 904 33
273 906 2932
273 1016 18183
273 1286 20
566 304 24
566 333 19
566 518 19
566 652 34
566 752 114
566 774 21
566 837 30
566 854 19
566 906 21016
566 998 28
566 1008 19
566 1100 3
566 1121 14
566 1148 29
566 1192 9
566 1219 14914
566 1239 75
566 1250 37101
566 1287 37
566 1557 5
868 95 57
868 390 7
868 420 18
868 604 63
868 869 57
868 906 160
868 1062 4
868 1067 54
868 1072 8
868 1110 103
868 1219 116
1188 580 4
1188 1194 1
1188 1381 6
1271 34 101
1271 1287 99
1271 1409 477
1328 520 164
1328 566 61
1328 619 64
1328 910 80
1378 204 93
1378 255 28
1378 582 2
1378 757 1
1378 1212 33
1470 304 70
1470 646 79
1562 750 35
165 39 31
165 602 2310
1077 204 1
1077 270 3
1077 786 6
1077 869 1
1077 875 2
1077 1072 5
1524 113 40
1524 146 15
1524 251 2
1524 332 36
1524 652 31
1524 747 1
1524 786 18
1524 849 3
1524 1379 7
1524 1382 3
804 105 47
804 308 44
804 324 10
804 341 3
804 497 1
804 582 31
804 588 109
804 869 18
804 891 1
804 904 17
804 906 45693
804 1016 45186
804 1136 1
804 1193 2
804 1315 2
804 1379 8
804 1382 19
804 1393 95
107 443 28
107 619 3
107 1244 5444
108 443 12737
108 602 33
108 652 3264
108 752 3
108 865 711
109 1557 5
110 205 13
155 174 183
155 179 2
155 251 23
155 259 27
155 269 10
155 324 1
155 333 10
155 341 5
155 363 43
155 366 121
155 426 59
155 518 6
155 612 1095
155 750 27371
155 1250 9636
295 849 67
449 612 1135
449 750 29753
449 905 123
449 1250 126
467 749 152
467 774 299
467 1381 1
519 360 30
519 470 7
519 612 126
519 750 15201
854 25 25
854 152 56
854 837 13
854 998 33
854 1050 64748
854 1145 48
854 1147 54
854 1164 60
854 1219 37948
854 1222 68345
854 1250 29136
854 1258 1
854 1263 52
854 1393 101
905 251 6
905 269 28
1147 25 2
1147 104 2
1147 429 101
1147 998 12
1147 1100 79
1147 1164 139
1147 1194 13
1147 1199 8
1147 1219 50245
1147 1222 29303
1147 1223 2
1147 1239 2
1147 1250 28558
1147 1258 27
1151 1164 258
1151 1221 20060
1151 1409 276
1151 1525 18
1420 169 79
1420 333 45
1420 845 43
1420 862 72
1420 906 8
1420 1085 135
1420 1222 39
1420 1496 261
1420 1499 75
1420 1520 2608
114 865 234
114 1244 148
115 806 161
806 150 142
806 869 47
116 324 32
117 602 10553
117 604 335
118 443 23563
118 602 345
118 652 4705
118 752 1
118 865 39209
119 1406 1
1406 245 1
120 166 6
120 1055 17
166 355 46696
166 364 10
166 490 26349
166 750 2
166 933 4
166 1055 19
166 1204 5
166 1217 10
1055 743 210
1055 1064 3912
1055 1222 2
1055 1269 4
1055 1381 4
1055 1414 1129
1055 1426 1
122 205 3
122 580 3
122 582 9
122 602 11
122 1433 2
122 1557 7
807 127 7
807 582 3
807 623 1
807 865 3
807 1222 4
807 1331 40
126 134 14
189 38 9
757 164 6
757 182 2
757 865 11
757 1042 6
757 1222 6
757 1292 7
128 95 5
387 582 3
387 1331 3
314 76 1
393 1304 2
734 693 12
1330 76 3
1330 425 2
1330 684 2
1364 103 1
1364 586 1
1364 1416 9
1364 1479 192
1385 683 1
132 255 26
132 259 2748
132 368 4
132 441 1
132 654 138
132 1154 30
368 441 238
368 654 4
441 654 1
636 316 9
756 1250 59
1218 228 1
1218 316 6
1218 493 1
1218 1232 13
262 1544 4
394 383 88
394 1420 287
414 262 4
414 1028 236
461 973 6
461 1028 334
461 1130 9
461 1544 3
461 1554 6
799 1130 4
1007 1050 3002
1130 1178 2
1130 1343 1
1142 1130 1
1142 1343 4
1142 1544 6
1275 1343 29
1554 282 4
1554 906 5
1554 1004 4
135 1222 11
1262 282 12
1262 1192 2
1262 1297 106
137 1557 5
138 420 44936
138 1221 2237
139 443 1046
139 602 274
139 652 1577
139 752 4
139 865 2043
141 113 3
141 220 3
141 269 4
141 366 36149
141 451 2
141 582 5
141 622 25
603 22 980
603 45 30
603 597 2
603 873 3277
603 936 12314
603 1041 375
603 1042 1443
603 1056 4774
603 1331 4
603 1435 439
603 1508 50
603 1509 161
617 619 23
617 869 85
617 1104 119
617 1193 132
617 1336 2
617 1354 125
617 1367 1
768 1300 297
1357 652 469
1289 1064 1
565 1557 7
590 174 26
590 218 119
590 324 31
590 525 145
590 602 1
590 637 131
590 647 80
590 840 24042
590 849 110
590 909 119
590 936 9667
590 1060 52
590 1067 18275
590 1212 2
590 1221 2727
590 1379 35
590 1393 132
1548 98 3
1548 105 2
1548 363 15
1548 475 2
1548 526 12
1548 747 1
1548 844 8
1548 1005 3
1548 1042 6
147 420 50498
147 1221 5846
148 58 1
149 168 1
149 1473 9780
168 589 1
578 282 62
578 1104 156
1104 210 253
1104 353 98
1104 520 209
1104 1265 195
1104 1300 331
1104 1328 93
1104 1470 105
1104 1508 36
1246 156 1491
1434 909 96
442 750 117
442 752 7139
442 905 115
442 1064 54165
442 1068 92
442 1097 151
442 1250 15
442 1542 8
487 104 1
487 316 34
487 493 2
487 501 5
487 636 9
487 749 20
487 878 10
487 1136 138
487 1160 577
487 1218 2
487 1250 7088
501 74 1
501 1002 6
596 817 3
596 1002 3
596 1157 31
596 1218 3
817 487 1
817 1157 6
817 1232 1
817 1471 9
878 316 2
878 749 1
878 1232 9
1002 493 2
1232 1157 8
1232 1159 7
153 443 3398
285 152 61
285 179 60
285 282 95
285 426 7
285 602 162
285 612 462
285 750 13428
285 1250 24201
285 1263 48
285 1381 10
373 1542 4
158 475 38
158 906 21455
160 333 36564
160 604 72926
160 750 123
160 752 26532
160 840 286
160 985 2001
160 1016 13060
160 1239 1263
160 1258 130
359 605 6
359 730 1
359 1006 23
359 1022 7
359 1029 984
359 1063 2
359 1144 41
359 1230 1
359 1231 8
359 1475 14
690 74 15
1231 74 20
1231 1259 1
1231 1298 9
1231 1351 105
1231 1405 88
1231 1451 82
1231 1453 22
1231 1465 9
163 182 399
163 331 56
163 366 3273
163 752 61017
163 906 32
163 1016 16703
163 1219 5117
355 111 17
355 490 17
355 1055 9
490 111 19
490 390 2
490 743 17
490 750 574
490 752 436
490 1064 2
490 1414 184
933 490 5
1206 205 26
1206 427 3
169 39 55
169 835 47
169 1287 144
170 582 6
171 182 39
171 220 118
171 251 230
171 269 66
171 326 164
171 366 138
171 582 4
171 602 53
171 904 213
171 906 68
171 1016 25
171 1203 94
171 1508 65
402 22 141
402 98 1
402 251 17
402 255 867
173 618 2
640 22 33
640 63 8
640 124 75
640 202 6
640 308 15
640 380 28
640 518 4
640 525 15
640 526 1
640 647 93
640 773 14428
640 875 4
640 906 31
640 1005 21
640 1062 42591
640 1379 18
896 259 111
896 770 16
896 904 1
896 906 14636
896 1016 13886
896 1179 3
896 1197 8
896 1382 116
1553 269 27
175 652 5653
175 752 129348
178 652 227
816 205 113
816 323 141
816 611 33
816 774 27
816 775 113
816 879 111
816 985 141
816 1119 40
816 1164 130
816 1219 22488
816 1250 27519
816 1263 15
816 1307 136
816 1381 207
816 1483 39
939 205 1
939 210 3
939 269 5
939 366 3
939 420 37
939 1064 52217
939 1164 103
939 1192 3
939 1194 2
939 1219 7213
939 1222 552
939 1239 37
939 1263 4
939 1381 5
1119 752 28
1119 860 38
1119 1219 31694
1119 1239 156
1119 1542 8
1294 1125 1
1294 1222 11
1294 1542 19
506 652 886
506 750 323
506 752 457
506 840 7447
506 906 5
506 1062 20774
506 1148 5
506 1221 20053
679 95 6
679 127 83
679 210 2
679 906 15243
679 1200 3
679 1219 29893
679 1221 9563
679 1331 6
766 652 2
766 1159 8
766 1331 10
785 752 198
785 1062 23685
785 1072 277
827 865 51581
1041 63 3
1041 840 144
1041 1056 887
1041 1067 14835
1041 1221 23727
1095 1129 12
1095 1251 1
1122 74 2
1122 1072 2
1122 1222 108082
1159 1031 2
1159 1331 5
1159 1572 4
1183 462 2
1209 1222 4
1209 1239 4
1209 1331 2
1430 341 6
1430 420 9
1430 1331 13
1546 98 3
1546 210 3
1546 652 33
1546 1072 13
1546 1212 2
1546 1379 5
186 612 449
186 906 15922
188 837 72
188 1016 1592
188 1287 1145
190 205 27
190 333 19980
190 489 6
190 602 12
190 604 64364
191 420 37768
191 1221 3928
474 425 3
195 582 2
195 1331 4
195 1369 5
198 816 115
198 909 147
199 410 707
199 1250 24703
1392 183 1
1392 1050 29
1075 1121 31
1146 1517 27
539 122 3
561 1035 4
585 516 5
585 752 5
704 182 26
704 210 3
704 420 2073
704 641 1
704 752 191792
704 779 1901
704 871 549
704 967 50737
704 985 23606
704 993 106031
704 1008 311
704 1016 9355
704 1050 3800
704 1064 47600
704 1194 8
704 1219 54592
704 1222 107565
704 1239 19922
704 1542 9391
779 993 59362
779 1016 4829
779 1064 49268
779 1219 54899
779 1222 55682
779 1542 5005
1010 757 2
1010 1020 2
1010 1038 117
1010 1062 2
1010 1212 8
1010 1503 2
1010 1547 3
1020 1369 5
1020 1557 4
1027 266 56
1027 561 4
1027 1050 5158
1027 1192 3
1027 1219 767
1027 1222 16984
1027 1263 1
1027 1542 63
1047 602 13
1047 1078 5
1047 1458 1
1047 1557 19
1102 1252 2
1125 25 120
1125 331 141
1125 869 23
1125 998 81
1125 1164 115
1125 1190 118
1125 1192 68
1125 1219 162
1125 1433 1
1155 400 12
1155 582 4
1187 104 3
1187 750 2
1187 1145 5
1252 809 39
1252 983 153
1252 1328 187
1252 1378 1
1291 403 4
1291 1194 1
1291 1542 14
1308 420 7
1308 1331 11
1317 645 2
1334 157 4
1352 182 2
1352 1214 3
1429 1106 3
1511 1100 67
1511 1206 3
1555 837 2
1555 1331 5
206 1331 4
898 74 4
898 663 4
898 1173 7
898 1249 124
898 1391 3161
898 1484 164
208 240 2
208 582 1
208 602 1
208 640 2
240 582 6
240 1331 1
209 323 125
209 443 140
209 529 35
209 879 103
388 491 77
388 622 130
388 837 137
388 1287 80
388 1557 72
476 1104 88
544 443 30
544 652 4542
544 865 198482
553 507 107
553 1221 7332
794 840 538
794 1032 4
794 1281 1
214 1190 84
216 521 5
216 525 11
216 1017 4
216 1180 6
217 582 4
270 22 10
270 124 4
270 253 4
270 333 13103
270 366 10500
270 451 1
270 622 35
270 1508 322
1066 770 11
1066 1379 138
1389 1432 130
221 74 313
221 752 47475
223 602 829
223 652 8825
682 729 15
682 1215 5
227 1006 1
227 1029 3
228 331 1716
228 636 41
1229 165 1
1229 1315 47
234 1454 8
235 66 7
235 331 6321
235 447 1
235 1114 13
447 614 253
447 750 1512
447 1008 755
447 1055 32
447 1064 850
447 1097 255
447 1269 1
237 865 2180
238 1557 12
239 382 21
239 473 4
239 722 1
239 723 738
239 780 10
239 913 2
239 1103 5
239 1457 3586
239 1570 1
382 955 8
382 1094 6
382 1457 88
473 780 1
473 1457 3
722 382 3
722 723 564
722 780 2
722 1094 4
722 1108 6
722 1457 2020
722 1464 4
780 1457 76
913 1457 3772
1457 667 2
1457 1464 137
1457 1478 96
1457 1569 24
1457 1571 358
1570 600 1
242 534 28
534 290 108
534 559 8398
534 564 8013
534 569 7141
534 571 85257
534 604 319
534 607 270
534 608 126725
534 643 249
534 687 6922
534 689 204710
534 718 1229
534 731 836
534 824 3543
534 882 111
534 884 85804
534 934 136
534 940 6267
534 948 110141
534 967 525850
534 999 7931
534 1053 333
534 1083 9627
534 1118 1940
534 1122 302
534 1170 8774
534 1171 28790
534 1213 12087
534 1272 53326
534 1319 123
534 1349 10078
534 1368 646
534 1370 33708
534 1487 5910
465 259 14
465 332 6
465 1263 2
478 515 2
478 942 6
478 1503 2
478 1554 4
478 1557 17
247 425 18
247 429 16
247 633 19
250 837 1
250 1222 23269
745 366 137
745 525 45
745 747 95
745 904 176
745 906 269
745 967 4898
745 1203 120
745 1237 7027
745 1327 36
745 1508 114
762 745 123
762 772 129
762 904 142
762 906 149
762 909 161
762 936 2979
841 845 6
841 906 13076
254 534 48
858 1062 35
257 425 2
257 1348 5
1348 1039 3
258 282 11
258 750 6
258 752 28138
258 1050 25
258 1222 3
258 1381 1
1528 98 5
1528 341 1
1528 363 8
1528 464 1
1528 869 136
1528 1106 12
260 425 16
260 429 34
680 799 56
680 926 11
680 1050 2
680 1130 4
680 1142 378
680 1178 88
680 1282 5
680 1474 117
680 1485 3
680 1488 19
680 1489 170
680 1491 334
680 1495 269
680 1500 25
680 1501 23
680 1502 547
680 1504 42
680 1507 306
680 1515 323
680 1522 235
680 1535 164
680 1544 1096
680 1554 72
680 1559 24
680 1561 2
680 1564 281
680 1568 2
789 211 6
789 799 919
789 973 23
789 990 5
789 1028 2
789 1130 264
789 1142 2590
789 1178 762
789 1275 23
789 1343 20
789 1386 5
789 1442 7
789 1474 1832
789 1485 34
789 1488 52
789 1491 7
789 1501 2
789 1502 34
789 1507 138
789 1515 173
789 1518 4
789 1537 12
789 1544 7893
789 1554 433
789 1564 28
263 443 15113
263 602 1061
263 652 20804
263 752 2
263 865 81044
264 340 451
264 699 1
264 960 2
1200 105 30
1200 204 1
267 504 6
268 604 10402
268 1192 37
271 652 64622
272 865 17927
1286 341 107
274 865 35360
277 534 17262
278 331 2676
278 405 5
279 331 13903
279 985 1
279 1250 14533
280 1168 1
280 1542 8
556 956 267
556 1062 329
991 169 47
1296 343 67
1296 1104 58
1296 1341 56
760 261 1
760 1392 1
760 1409 208
286 660 363
287 652 95
288 661 902
288 1236 701
661 1293 201
661 1436 10116
1236 1292 13514
1236 1293 10064
1236 1436 13709
289 1331 1
294 849 2
297 443 35510
297 602 508
297 652 3715
297 865 27883
298 167 3
298 534 13058
298 571 3004
298 865 145
298 1272 353
1272 1342 19220
299 443 100
299 652 575
299 865 1654
300 750 160
300 752 58
307 1104 46
380 410 438
380 612 1075
380 906 1468
380 1016 14894
380 1153 19
311 680 2
311 789 37
311 1142 2
311 1178 2
1178 1544 2
312 571 522
313 604 79
313 865 858
315 659 8
1160 69 21
1160 285 15
1160 1250 6270
319 425 2
319 1348 42
350 626 84
350 660 532
321 1395 59
1395 824 59
322 1222 44
325 602 324
325 612 391
325 1016 33113
511 652 11880
511 865 16594
511 1244 8496
1273 499 44
1273 1192 74
1273 1379 43
1273 1409 72
327 425 36
327 429 10
327 586 4
327 1475 1
328 331 2900
328 485 31
328 837 681
485 601 7
485 837 101
488 485 3
488 612 469
488 758 12
488 837 1082
488 840 154
488 1114 2
488 1164 221
329 1016 1387
329 1287 968
337 228 9
337 316 27
337 636 106
337 1218 136
360 136 1
360 1064 21031
378 316 12
378 756 3
406 909 269
406 1221 6736
577 316 2
577 838 14
577 1071 32
601 1114 3
614 750 464
614 1008 206
758 328 6
758 1114 20
758 1164 96
838 860 2
922 142 129
929 134 6
929 145 2
929 1050 140
929 1219 1261
992 750 99
1099 752 8
1157 152 1
1157 1471 2
1423 205 9
1423 278 7
332 582 5
968 604 149
1172 25 33
1172 1420 68
1253 800 25
335 604 4481
335 1016 1982
338 690 8
338 725 10
338 1006 229
338 1451 25
339 95 56
339 602 15343
339 652 20692
339 1244 1
1461 618 2
623 158 10
623 205 4
623 906 13524
343 394 124
344 602 41636
344 604 18187
344 652 95
344 1222 4
344 1331 4
346 1557 18
347 1457 35
348 602 110480
348 604 72256
348 652 97438
349 1244 16572
351 387 2
351 475 2
730 24 2
730 201 4
730 1029 2630
730 1144 229
730 1230 6
730 1462 6
730 1475 297
361 604 13176
362 1221 533
1402 39 44
413 412 2
413 620 57
413 906 1935
620 906 2761
620 1367 2
1285 95 147
1285 248 4
1285 602 347
371 158 3
371 426 17
371 657 47
371 906 4925
657 158 2
657 906 4318
379 280 3
379 1219 46521
379 1511 24
955 1457 32
1094 1457 76
383 578 69
383 906 88
383 1420 93
384 142 6
384 182 11
384 420 75944
384 840 3421
384 1221 250
385 625 40
625 793 52
389 602 3
391 1542 10
1304 74 4
1304 1355 2
395 619 4
395 1244 90332
396 443 1
396 652 23
396 865 51
397 1331 5
398 985 118
398 1250 21705
398 1557 5
399 849 1220
400 443 6351
400 865 12938
400 1010 10
1351 74 2
1351 690 9
1351 1405 37
1351 1451 75
1351 1453 18
1351 1465 27
1351 1475 8
1465 338 7
775 998 131
775 1164 141
775 1190 131
775 1233 126
1541 984 78
1541 1201 65
404 527 7
404 659 294
404 1051 4
527 74 525
527 573 112
527 659 9010
527 1043 4
527 1103 4
527 1228 103
527 1238 50
1051 570 2
1051 1238 1
1051 1346 3
409 130 11
409 425 14
409 482 19
409 586 17
409 668 2
409 740 2
409 885 7
409 971 6
409 1141 1
740 885 2
740 971 46
740 1141 10
740 1248 11
740 1320 2
740 1405 1
889 750 12
889 1219 4
889 1222 22800
1028 1544 6
415 127 2
415 440 10
415 942 4
424 142 4
424 182 3
424 265 3
424 443 10
424 582 1
424 602 1
424 752 7
424 770 2
424 1042 5
424 1179 6
424 1331 26
542 865 289
717 652 330
717 1016 21845
1025 1062 19649
1025 1148 157
1196 1331 2
1196 1557 4
1288 104 5
1288 122 15
1288 142 91
1288 652 41
1288 1179 4
1288 1331 7
1390 146 4
1390 182 240
421 527 1
421 659 29
477 836 5
562 1348 2
573 659 7349
573 1228 2039
705 74 65
861 409 3
861 1320 1
861 1454 1
880 1303 1
880 1320 14
880 1422 1
880 1454 4
1021 1494 45
1410 482 1
593 604 6757
593 1016 3506
1377 479 15
1377 836 16
1377 1141 16
1377 1259 16
1377 1320 16
434 1037 58
1037 520 369
435 622 2
436 1091 22342
437 582 1
437 914 8
438 1172 32
439 582 31
502 865 930
842 124 9
842 865 112996
859 478 1
859 865 14370
859 1042 15249
897 106 34
897 906 164
897 1072 98
1058 210 4
1326 619 1
445 142 4
446 130 2
446 836 3
448 541 4
541 865 3
541 1331 2
450 659 11
452 602 486
452 841 26
452 906 7690
454 582 2
454 807 1
454 963 4
454 978 8
454 1366 1
963 1159 4
963 1331 2
457 500 6
457 1331 7
457 1557 5
458 1550 164
1474 1491 2
1474 1544 14
1474 1554 2
468 582 3
468 752 4
468 1557 3
471 1258 3
515 582 2
515 597 4
1519 425 24
481 1331 2
483 74 15
483 690 15
483 1006 2886
483 1029 9
483 1259 6
483 1298 821
483 1351 18
483 1405 65
483 1416 9
483 1453 4
483 1465 3
484 1260 2
925 166 8
925 1055 108
925 1064 3
492 652 199
494 1331 1
498 582 5
931 425 1
509 134 6
510 690 4
510 1006 5
510 1405 2
516 602 132
981 443 48
981 660 47
981 956 86
981 1219 141
522 142 3
524 1104 80
570 421 2
570 573 12
570 659 10259
570 667 15
570 697 4
570 1228 18
570 1238 51
1043 1238 4
530 1239 1
559 571 327
559 1272 352
569 571 34763
569 752 9272
569 993 3
569 1222 9253
687 1272 134
824 560 59
1118 1272 15019
1170 1213 67
1170 1272 11798
535 1154 41
538 1064 3322
543 582 1
545 659 12
546 985 1
548 723 10
548 1457 46
551 652 73337
551 752 5
551 865 2236
551 1016 7
1444 1315 3
956 609 164
956 998 1189
956 1008 266
956 1104 97
956 1156 976
956 1420 140
557 612 778
557 906 10186
557 1383 125
557 1557 4
558 1037 94
558 1328 71
563 571 224
567 806 101
568 750 4575
568 752 11854
568 1064 18507
568 1381 103
697 1238 15
641 779 312
641 871 9
641 993 34936
653 795 30
653 871 6
733 750 2
733 840 6
733 1222 3
795 871 221
795 993 7
810 871 276
810 993 92
871 993 14317
572 871 1
572 993 107
575 865 19837
678 1057 396
678 1268 157
1057 1268 146
579 849 780
983 291 190
983 449 134
983 604 71
983 647 59
983 1064 55
628 390 5
664 1557 6
763 1331 3
886 420 4
886 1557 5
1138 869 13
1169 1557 6
1360 1331 1
1407 646 1
1407 1557 1
1456 1212 3
1523 332 1
1533 202 1
584 837 246
584 849 1529
587 1154 36
598 652 9609
598 1016 22012
599 723 20
599 780 2
599 1457 16
600 709 1
600 722 5
600 723 426
600 738 4
600 780 1
600 1457 1528
709 1094 2
709 1457 20
738 1457 113
649 182 15
649 259 11
649 420 28
649 652 15677
1132 1219 40
1182 182 39
1182 259 8
1427 112 1
744 95 1235
744 865 50
877 1016 22617
877 1239 6443
877 1258 122
1419 42 1
1563 1190 7
606 443 18
606 602 3
606 652 114
606 865 122
610 1250 25
792 205 7
792 1050 8924
792 1106 1
792 1192 8
792 1219 53
792 1222 12308
1126 702 1
864 582 3
1510 323 2
624 582 2
627 1222 1
629 752 4552
629 1541 199
630 141 5
630 1062 22457
632 865 117
634 1287 2127
635 1016 1327
642 869 909
642 1153 13
648 849 515
650 679 6803
651 1062 6
671 142 4
671 443 4
671 602 3
671 1050 246
685 1016 4255
777 1016 2953
848 1016 5088
974 443 18
974 752 2
1101 1117 481
1101 1216 146
1101 1244 4956
1431 124 5
1440 752 2
1531 174 35
1531 245 2
1531 602 17
1531 1104 308
655 750 50
655 837 3767
655 1324 2
656 1331 2
1108 1238 140
665 983 612
666 425 8
670 1457 4
672 723 5
672 1457 69
675 58 3
1489 134 7
1491 461 5
1495 789 7
1495 1028 4
1504 789 4
1559 134 3
710 725 12
710 1006 116
710 1351 12
719 602 1
732 1457 267
1480 1457 7
724 865 7
728 752 14650
741 37 3
742 1239 8
746 95 52
746 869 50
748 752 9841
834 614 3
834 1008 182
834 1260 2
834 1429 5
1384 166 32
1384 205 10
1384 355 17
1384 427 36
1513 1050 146
783 1331 2
881 205 1
881 1050 384
881 1164 310
881 1219 294
881 1222 242
881 1239 3455
881 1433 4
1560 333 2
759 182 1
759 1331 5
767 750 8
1300 949 44
1300 998 198
1300 1223 58
1300 1246 72
1300 1420 72
769 1331 2
771 1037 192
771 1038 186
788 831 4519
990 1502 4
1343 1515 18
1343 1518 24
1386 134 4
1386 1490 4
1386 1542 1
1281 1557 4
798 865 30575
801 865 9823
801 1244 8483
802 750 4
1280 115 149
1280 998 95
820 883 2
828 1244 4450
830 869 3402
832 1331 5
832 1433 28
1036 904 1
1036 1151 282
850 1503 4
850 1557 3
853 490 16
863 205 135
964 39 77
964 1369 55
1111 1244 14023
1150 1244 95
1278 1244 1
1257 582 1
874 652 3
874 1331 5
1446 1016 43
887 91 5
890 1006 3
890 1405 1
893 124 2
894 182 10
895 582 2
908 1557 20
910 363 108
910 1164 103
911 183 2
911 1557 4
916 1331 5
920 993 29
921 778 7
932 104 3
953 1154 36
947 1244 162
950 1341 53
954 956 169
957 104 120
957 476 90
957 580 209
969 210 181
969 526 1
969 1042 4
975 1194 2
976 589 1
977 582 1
980 761 5
982 1016 2
1340 750 1
1340 752 261
1000 39 90
1001 1331 2
1004 471 3
1004 1130 24
1004 1142 2
1124 74 1
1547 865 2
1026 837 131
1026 1156 260
1458 883 1
1049 1050 4897
1059 1055 80
1059 1426 11
1128 462 5
1128 1295 4
1082 213 24
1088 205 6
1152 468 3
1165 973 9
1195 1244 2268
1195 1292 9
1195 1293 17
1198 1557 3
1428 486 3
1205 1331 4
1224 517 87
1227 743 4
1227 1055 18
1227 1250 37286
1227 1426 2
1241 142 5
1267 1557 8
1270 1279 47424
1279 1286 2
1302 142 10
1311 429 8
1316 142 4
1325 1557 4
1329 652 1
1339 210 1
1347 1027 2
1362 205 1
1375 420 48
1408 909 9
1415 558 100
1443 1503 5
1459 722 3
1460 134 15
1460 929 26
1492 602 1
1493 1331 4
1498 750 1
1498 1190 10
1516 304 1
1552 391 8
