1574
831 863 6
831 1202 54
1 678 3
678 1538 3
678 1586 2
678 1587 7
2 423 5
2 1687 14137
423 524 20
423 576 226
423 867 1612
423 1244 566
423 1687 4359
1687 867 2113
1687 1484 5
3 684 8
684 510 1
684 874 25
684 1004 2
684 1059 1
684 1152 15
684 1153 7
684 1172 1
684 1318 13
684 1325 2
684 1329 7
684 1335 2
684 1337 14
684 1383 2
684 1472 13
684 1648 4
684 1650 1
684 1702 7
684 1743 8
684 1813 3
684 1815 6
684 1817 1
684 1857 4
5 46 8
46 0 9
46 13 1
46 67 1018
46 69 153
46 80 67
46 87 65834
46 96 25
46 98 2
46 152 1
46 268 60
46 391 87
46 401 2
46 409 1
46 439 111
46 482 640
46 678 449
46 742 2
46 792 8
46 814 93
46 819 2509
46 824 28
46 830 43
46 831 2661
46 836 4
46 838 13
46 860 21
46 863 424
46 1130 90
46 1180 3101
46 1202 2084
46 1306 4
46 1464 28
46 1476 7
46 1546 53
46 1608 2
46 1652 7
46 1714 6
6 678 413
7 1216 2
7 1728 2
1216 1606 3
1216 1821 7
1728 1741 3
8 90 2
90 9 2
10 678 416
10 1493 2
1493 725 2
11 226 8
11 504 11
11 508 1
226 504 7312
226 558 3
226 1216 151
226 1658 5
504 90 2
504 572 313
504 653 1
504 675 1
504 678 17
504 774 2708
504 828 64
504 876 903
504 918 12
504 922 60
504 1205 10
504 1283 268
504 1432 126504
504 1469 3304
504 1513 3
504 1573 2
504 1594 2
504 1658 83
504 1682 22
504 1770 171
504 1773 9
504 1790 13
504 1808 118
504 1829 102
508 1535 79
508 1658 2
12 504 96
14 46 41
15 843 1
843 813 1
843 1608 65
16 226 6
18 678 17
19 69 480
19 87 8
19 463 8
19 1130 2
19 1261 12
19 1651 1
19 1738 2
69 67 24
69 229 86
69 921 16
69 1193 34
69 1194 28
69 1196 47
69 1233 2
69 1234 15
69 1304 5
69 1344 4223
69 1712 23
69 1713 147
87 90 8450
87 425 209
87 572 480
87 831 1
87 1254 40782
87 1267 32
87 1283 335
87 1304 31
87 1314 2
87 1436 19438
87 1469 70376
87 1513 495
87 1538 6
87 1613 35865
87 1735 1996
87 1761 3256
87 1773 7
87 1808 236
87 1821 11089
87 1829 166
463 229 2
463 725 20
463 792 2
463 1130 9
463 1299 30
463 1306 12
1130 858 8
1130 859 1
1261 1306 91
1651 1738 1
1738 457 3
1738 463 2
1738 1261 1
20 678 9
21 678 37
22 678 1
23 678 32
26 504 6
26 1415 1
1415 558 9
1415 1658 8
1415 1689 79
28 116 47
28 299 22
77 1090 162
77 1175 74
113 363 257
113 537 7536
113 874 722552
113 876 930587
113 940 150
113 1064 8189
113 1254 560380
113 1258 124
113 1374 1756
113 1391 7450
113 1453 5375
113 1469 503767
113 1533 21178
113 1547 9367
113 1554 1021
113 1629 103855
113 1678 16187
113 1695 41314
113 1821 4686
116 874 19863
116 1807 2
168 116 19
168 320 171
168 874 40497
168 876 5286
168 1066 27
168 1175 726
168 1254 33539
168 1432 261
168 1436 451
168 1469 1195
168 1484 624
168 1629 112
172 940 34
172 1254 176
172 1463 39
205 320 64612
205 874 103498
205 876 113494
205 1254 82156
205 1436 4397
205 1469 38044
205 1629 467
205 1821 43
205 1832 27
295 74 34
295 118 1
295 133 44
295 143 92
295 299 46
295 320 239
295 684 32
295 1254 52
295 1436 45
295 1629 146
299 116 52
299 874 29624
299 1018 154
299 1640 10
310 116 181
310 126 47
310 133 1
310 155 56
310 163 18
310 257 48
310 320 33854
310 436 5313
310 523 1562
310 768 3606
310 874 220653
310 876 143526
310 1175 670
310 1254 87882
310 1432 23512
310 1436 65028
310 1469 1046
310 1484 446
316 148 128
316 320 167078
316 874 265852
316 876 208196
316 1175 133
316 1254 394335
316 1432 99613
316 1436 218646
316 1469 868
316 1484 133
316 1629 152
316 1821 340
380 59 3
380 77 3
380 107 1
380 122 31
380 125 28
380 1175 29
390 427 1
390 461 55370
390 576 566
390 874 608706
390 876 885197
390 1066 13
390 1175 282332
390 1254 584347
390 1432 487326
390 1436 502354
390 1469 311092
390 1484 456458
390 1545 184
390 1613 142
390 1614 9810
390 1629 296095
390 1640 26216
390 1678 268
390 1821 104679
390 1842 3009
402 320 4
402 431 10
402 434 23159
402 475 1
402 505 2
402 874 14532
402 1064 93
402 1175 39
402 1469 145
431 74 13
431 116 39
431 126 1
431 144 170
431 155 97
431 157 20
431 175 104
431 210 35
431 233 7
431 239 300
431 295 2
431 684 161
431 874 31271
431 876 12303
431 1090 70
431 1175 233
431 1254 41853
431 1432 189
431 1469 245
431 1629 82
431 1821 2
434 92 99
434 107 14
434 427 5
434 475 56333
434 684 54672
434 874 413735
434 876 341570
434 1037 57285
434 1174 37
434 1175 42736
434 1254 402610
434 1432 190058
434 1436 184631
434 1469 200214
434 1484 26814
434 1613 8711
434 1629 674
434 1748 4
434 1821 6572
488 148 35
488 320 10
488 380 1
488 533 1
488 609 14
488 684 1
488 718 39
488 730 85
488 1175 17
525 35 1
525 59 1
525 295 14
525 626 62
525 684 91207
525 874 150712
525 876 176694
525 1079 3
525 1103 3
525 1175 68
525 1241 672
525 1254 96907
525 1432 1795
525 1436 105783
525 1469 15304
525 1482 1
525 1484 1581
525 1561 446
525 1629 201
525 1805 79
525 1821 44
525 1847 4345
533 126 10
533 233 3
533 239 5
533 255 3
533 320 1
533 475 5
533 1175 7
575 310 75
575 525 101
608 126 4
608 730 636
608 973 124
608 1175 521
609 257 72
609 295 59
609 360 60
609 402 6
609 533 12
609 684 15
609 874 148
609 1175 25
609 1254 299
609 1432 160
609 1472 38
618 116 17
618 172 196
618 233 9
618 299 6
618 380 32
618 609 78
618 684 22
618 730 69
618 1175 51
618 1228 3
690 74 5
690 122 464
690 163 14
690 236 5
690 431 72
690 488 8
690 608 592
690 718 182
690 730 53
690 874 179
690 1066 2
690 1175 46
690 1432 221
690 1469 445
690 1629 281
708 59 3
708 87 2
708 126 44
708 207 247
708 257 54
708 402 1
708 521 2
708 730 65907
708 779 7869
708 874 158768
708 876 673150
708 1066 362
708 1103 1
708 1175 17542
708 1207 4828
708 1241 326
708 1254 44358
708 1334 56
708 1365 1
708 1374 7
708 1393 10252
708 1432 154429
708 1436 607247
708 1453 5563
708 1469 43276
708 1484 4381
708 1533 7821
708 1574 184
708 1609 3
708 1629 668
708 1705 204
708 1805 109
708 1821 220
715 29 1
715 122 8
715 133 14
715 157 10
715 874 35213
715 876 13162
715 1090 62
715 1175 43
715 1432 1623
715 1436 417
715 1453 1
715 1469 6
715 1629 184
715 1821 13
726 74 13
726 122 469
726 126 1
726 608 380
726 690 27
726 730 41
726 1436 21
730 51 50
730 81 86
730 116 195
730 118 4
730 175 2
730 360 24
730 445 2
730 533 59
730 874 124232
730 876 34720
730 1014 1
730 1175 94
730 1254 147747
730 1432 2592
730 1436 2309
730 1469 38400
730 1484 421
730 1629 737
730 1821 1
759 81 9
759 306 364
759 874 40518
759 876 1642
759 1066 23
759 1175 248
759 1254 5882
759 1432 1119
759 1436 346
759 1469 763
759 1484 134
759 1629 3
759 1821 6
765 35 4
765 52 162
765 125 42
765 207 235
765 210 272
765 380 3
765 504 5
765 740 122
765 874 512450
765 876 1441376
765 961 19956
765 1037 8912
765 1066 59
765 1079 258
765 1103 1466
765 1107 4338
765 1148 82
765 1175 212
765 1241 10655
765 1254 251722
765 1259 294
765 1271 4197
765 1285 67
765 1294 23174
765 1302 160
765 1313 275
765 1347 5
765 1362 3169
765 1393 7167
765 1396 2394
765 1432 259708
765 1436 999738
765 1453 39573
765 1469 256952
765 1482 584
765 1484 7140
765 1514 319652
765 1533 149492
765 1547 36143
765 1554 269
765 1560 6903
765 1603 254
765 1613 27543
765 1635 1
765 1641 54356
765 1678 57729
765 1694 8755
765 1704 143
765 1718 57985
765 1799 6
765 1821 48952
765 1832 1922
879 306 64
879 1108 73
879 1663 173
898 136 1
898 245 49
898 288 43
898 289 1
898 320 12
898 360 7
898 684 16
898 715 3
898 1165 132
898 1663 192
901 40 41
901 139 1
901 162 26
901 233 108
901 333 110
901 475 68
901 505 182
901 547 2
901 548 1
901 715 155
901 765 398
901 1108 19060
901 1175 55
901 1254 5914
901 1432 1101
901 1436 1441
901 1469 4308
901 1484 3645
901 1629 1668
901 1663 132
901 1821 525
917 74 18
917 162 19
917 163 13
917 475 31
917 505 5
917 533 5
917 548 11
917 589 1
917 684 6
917 1175 4
917 1254 36143
917 1432 66
917 1484 41
917 1695 136
977 92 2
977 116 45
977 157 1
977 475 35
977 1254 209415
977 1364 6
977 1432 53716
977 1436 46083
977 1469 74311
977 1484 1543
977 1562 5293
977 1629 1279
977 1663 110
977 1821 75
981 233 543
981 504 148
981 609 1
981 1017 430
981 1037 14
981 1108 68712
981 1175 8951
981 1254 155375
981 1334 123
981 1432 95633
981 1436 60576
981 1453 224
981 1469 115799
981 1484 850
981 1577 121
981 1629 362
981 1641 546
981 1663 143
981 1685 144
981 1703 281
981 1821 53
988 107 5
988 126 8
988 148 35
988 162 28
988 289 5
988 299 6
988 333 119
988 352 135
988 402 127
988 533 33
988 618 3
988 715 258
988 1066 25
988 1108 14
988 1175 10318
988 1254 260081
988 1432 108052
988 1436 107363
988 1469 74775
988 1484 19836
988 1629 62440
988 1635 9
988 1663 1040
988 1775 40
988 1817 45696
988 1821 209
993 116 38
993 148 32
993 178 345
993 380 155
993 1064 1
993 1175 44445
993 1254 125134
993 1432 45150
993 1436 24537
993 1469 75368
993 1484 141
993 1629 1011
993 1821 924
1021 107 1
1021 133 27
1021 175 196
1021 255 2
1021 289 70
1021 370 94
1021 427 3
1021 690 113
1021 1175 390
1021 1254 180438
1021 1357 1397
1021 1432 55864
1021 1436 75001
1021 1469 921
1021 1478 5
1021 1484 403
1021 1663 870
1021 1821 118
1021 1842 907
1028 51 13
1028 250 4
1028 299 63
1028 310 28
1028 352 282
1028 431 116
1028 488 34
1028 501 20
1028 509 13
1028 533 10
1028 559 13
1028 609 5
1028 611 15
1028 617 29
1028 690 8
1028 759 63
1028 925 3
1028 977 65
1028 1042 6
1028 1067 34545
1028 1071 54
1028 1100 133
1028 1175 10
1028 1184 151
1028 1199 118612
1028 1432 22
1028 1663 67
1028 1710 44
1065 74 38
1065 122 8
1065 162 2
1065 239 2
1065 333 84
1065 352 11
1065 360 49
1065 475 7
1065 509 1
1065 611 202
1065 917 49
1065 925 4
1065 1066 20
1065 1067 141099
1065 1175 9
1065 1184 94
1065 1199 188875
1065 1254 292
1065 1460 14
1065 1629 28
1065 1663 232
1065 1821 1
1100 118 4
1100 125 326
1100 575 2
1100 690 2
1100 917 22
1100 981 115
1100 1108 1137
1100 1817 1203
1108 320 115
1108 355 80
1108 690 149
1108 726 10
1108 1175 146
1108 1469 6
1199 143 78
1199 148 47
1199 163 72
1199 370 5
1199 590 206
1199 687 5
1199 985 5
1199 1254 618287
1199 1432 658514
1199 1436 907261
1199 1453 21864
1199 1459 132
1199 1469 244001
1199 1484 276028
1199 1547 8732
1199 1609 1
1199 1629 82960
1199 1663 189
1199 1718 71154
1199 1821 130697
1199 1835 1
1199 1840 7563
1199 1842 944
1245 214 105
1245 1355 2023
1245 1434 1346
1245 1496 2201
1245 1610 1482
1245 1644 14670
1251 125 23
1251 133 31
1251 136 36
1251 166 1
1251 188 46
1251 210 248
1251 333 95
1251 451 490
1251 495 125
1251 559 69
1251 590 196
1251 715 462
1251 949 161
1251 954 1
1251 958 6
1251 1254 345542
1251 1371 638
1251 1390 144691
1251 1425 35442
1251 1432 111712
1251 1436 284699
1251 1459 3545
1251 1469 87628
1251 1479 23986
1251 1484 4848
1251 1507 329
1251 1516 145145
1251 1610 145
1251 1629 964
1251 1644 18136
1251 1663 398
1251 1670 1887
1251 1678 24612
1251 1698 124
1251 1821 1061
1251 1842 5
1257 74 134
1257 113 197
1257 155 55
1257 214 104
1257 355 128
1257 388 47
1257 715 127
1257 901 283
1257 981 257
1257 1065 128
1257 1071 135
1257 1355 15476
1257 1425 267
1257 1434 396
1257 1436 47
1257 1437 18101
1257 1516 54
1257 1610 14023
1257 1644 26497
1257 1663 931
1263 81 10
1263 126 50
1263 143 126
1263 188 18
1263 210 63
1263 236 107
1263 451 2
1263 547 25
1263 575 15
1263 587 3
1263 608 64
1263 617 22
1263 618 134
1263 684 44
1263 726 253
1263 738 6
1263 879 1125
1263 902 40
1263 1229 74
1263 1371 715
1263 1390 52947
1263 1425 420
1263 1432 920
1263 1434 167
1263 1436 35975
1263 1469 1650
1263 1479 1609
1263 1484 1121
1263 1516 30661
1263 1627 136
1263 1629 398
1263 1644 63
1263 1663 248
1263 1670 24
1263 1821 49
1263 1835 1
1269 730 2
1312 78 7
1312 132 134
1312 239 2
1312 1432 25
1358 116 65
1358 133 15
1358 161 25
1358 245 49
1358 249 2
1358 257 28
1358 299 12
1358 333 267
1358 372 2
1358 402 2
1358 575 5
1358 726 1
1358 730 3
1358 758 2
1358 876 136
1358 898 1
1358 1100 133
1358 1269 28
1358 1390 248
1358 1425 26
1358 1469 217
1358 1516 5482
1358 1627 40
1358 1644 17
1358 1663 262
1358 1670 8
1373 116 23
1373 125 21
1373 203 4
1373 451 3
1373 507 25
1373 758 31
1373 981 145
1373 988 32
1373 1003 2
1373 1028 7
1373 1042 6
1373 1434 15795
1373 1516 40
1373 1627 40
1373 1663 349
1390 239 16
1390 431 120
1390 451 8
1390 609 105
1390 697 4
1390 917 5
1390 1371 4
1390 1432 445
1390 1436 409
1390 1469 9
1390 1479 18
1390 1484 453
1390 1629 71
1390 1663 542
1434 209 557
1434 355 135
1434 363 502
1434 381 170
1434 587 279
1434 715 164
1434 730 134
1434 877 531
1434 1015 66
1434 1108 98
1434 1136 275
1434 1390 45
1434 1437 1849
1434 1663 1464
1459 168 1
1459 245 1
1459 1071 101
1462 1521 102
1503 29 3
1503 533 53
1503 617 4
1503 987 7
1503 1067 598
1503 1073 2
1503 1319 33
1503 1405 95
1503 1469 3
1503 1516 153
1503 1663 1854
1503 1836 11261
1516 51 81
1516 178 98
1516 233 79
1516 236 1
1516 255 59
1516 333 118
1516 372 11
1516 506 71
1516 590 80
1516 967 14
1516 1459 74
1516 1562 184
1516 1578 138
1516 1629 2744
1516 1663 901
1516 1842 4
1627 81 73
1627 255 18
1627 299 43
1627 312 46
1627 333 1
1627 352 345
1627 372 14
1627 451 17
1627 461 36
1627 587 16
1627 609 35
1627 690 9
1627 977 45
1627 1065 43
1627 1629 67
1627 1644 25
1627 1663 270
1627 1821 122
1663 505 240
1663 1526 427
1699 51 20
1699 74 11
1699 125 4
1699 343 16
1699 431 1
1699 495 14
1699 533 56
1699 690 5
1699 942 127
1699 1065 38
1699 1319 5
1699 1358 20
1699 1405 1
1699 1585 28
1699 1643 7
1836 31 1
1836 155 49
1836 333 291
1836 370 60
1836 402 18
1836 475 11
1836 505 17
1836 690 13
1836 726 75
1836 902 49
1836 1276 3
1836 1312 54
1836 1335 3
1836 1521 46
1836 1610 8
29 1469 134
477 499 1
477 505 10
477 506 140
477 525 486
477 535 124
477 584 111
477 624 2254
477 682 84465
477 685 5486
477 690 567
477 692 138
477 708 588
477 710 90643
477 715 73
477 718 1072
477 730 31
477 758 101
477 759 519
477 874 88362
477 876 85341
477 878 47
477 901 2445
477 902 225
477 906 109
477 917 887
477 955 111
477 963 85
477 977 771
477 981 903
477 988 3379
477 993 12
477 1000 349
477 1010 1
477 1015 189
477 1021 83
477 1032 135
477 1060 12
477 1065 2
477 1067 313
477 1071 1866
477 1080 36
477 1161 5061
477 1175 746
477 1184 901
477 1188 2042
477 1199 84499
477 1200 511
477 1239 1166
477 1251 510
477 1254 234653
477 1263 16
477 1296 51
477 1303 182
477 1319 10
477 1352 44
477 1358 80
477 1371 422
477 1401 912
477 1402 21648
477 1403 668
477 1404 76536
477 1407 56
477 1410 265
477 1412 3
477 1425 535
477 1432 1420
477 1436 2576
477 1455 4349
477 1456 18
477 1469 4636
477 1479 2697
477 1484 504
477 1516 3811
477 1548 2
477 1612 3285
477 1627 493
477 1629 386
477 1663 80
477 1751 162
477 1820 14
477 1830 84
484 493 540
484 505 317
484 509 104
484 589 373
484 609 730
484 610 593
484 611 574
484 715 696
484 880 192
484 917 129
484 925 580
484 1021 1168
484 1043 232
484 1066 606
484 1067 820
484 1175 685
484 1364 442
484 1432 2130
484 1436 1
484 1460 1017
484 1469 3336
589 718 174
589 1663 418
718 214 57
718 255 120
718 316 124
718 730 608
718 874 304
718 1043 499
718 1066 83
718 1175 1261
718 1432 3794
718 1436 354
718 1469 238
718 1511 1211
718 1526 471
718 1629 1091
1460 122 3
1460 1663 53
1469 39 1
1469 1635 26142
1469 1747 4412
1469 1824 744
1481 157 2
1481 1043 2
1481 1399 4
1481 1456 8
1481 1484 5
1481 1518 1
1481 1629 3
1481 1687 2
30 504 9
184 1728 81
184 1741 29
599 87 15
599 504 4
599 813 40
599 848 21
599 1185 1271
599 1446 18
599 1480 12
599 1592 10
599 1659 139
599 1717 1
599 1719 9
599 1728 6
599 1731 70
711 383 4
711 854 20
711 1164 16
711 1185 3
711 1206 93
711 1216 2812
711 1348 168
711 1445 39
711 1535 8
711 1728 29
711 1741 10
1164 1206 48
1164 1216 953
1164 1348 36
1164 1445 112
1164 1728 21
1164 1741 5
1206 482 16
1206 1216 3598
1206 1348 403
1206 1445 67
1206 1728 195
1206 1741 35
1348 424 1
1348 1445 78
1348 1728 230
1348 1741 285
1445 1728 126
1445 1741 18
1741 508 20
1741 688 1
1741 1535 23
31 320 10
31 357 2278
31 676 328
31 874 158922
31 876 145683
31 1175 709
31 1254 368987
31 1432 52715
31 1436 22064
31 1469 112717
31 1484 5353
31 1528 1526
31 1629 50197
31 1663 104
31 1821 25
74 116 25
74 299 2
74 320 29
74 874 45042
74 876 294
74 1068 3302
74 1171 2131
74 1254 370
74 1469 1650
75 326 5
75 676 1
81 874 29308
81 876 937
81 1254 546
81 1436 126
81 1469 166
81 1629 1
122 157 7
122 299 1
122 306 64
122 320 519
122 874 121956
122 876 179410
122 1254 212107
122 1417 4
122 1469 53092
122 1598 5
122 1821 13
122 1842 1
144 214 146
144 306 194
144 320 1353
144 874 45865
144 876 14570
144 1175 166
144 1254 5128
144 1432 828
144 1436 2341
144 1453 76
144 1469 483
144 1484 2004
144 1629 70
144 1821 81
157 874 2052
157 876 14832
157 1254 50317
157 1469 36
175 524 139
175 581 123
175 874 15461
175 876 13844
175 1179 542
175 1254 127
175 1469 71359
210 107 4
210 157 53
210 214 314
210 320 59
210 874 71927
210 876 49647
210 1254 75776
210 1384 88
210 1436 56606
210 1469 230678
210 1484 1639
210 1629 999
214 177 2
214 320 36259
214 874 96464
214 876 455566
214 1237 29678
214 1254 157403
214 1318 10654
214 1336 14530
214 1439 248
214 1453 12
214 1469 97640
214 1472 5700
214 1533 56
214 1574 2901
214 1748 2
214 1817 40328
214 1821 610
214 1842 2
215 312 1
215 710 17081
215 718 201
215 876 2
215 1663 102
238 118 26
238 163 2
238 239 970
238 245 209755
238 289 2
238 295 111
238 306 70
238 310 46233
238 316 161749
238 320 215
238 333 159
238 334 125
238 355 15297
238 380 141
238 390 2198
238 402 1
238 431 12
238 434 117614
238 488 34
238 525 75271
238 533 2
238 547 4
238 575 190
238 609 2
238 618 94
238 684 48
238 690 2
238 708 59845
238 715 127
238 718 355
238 730 221
238 759 1074
238 765 315135
238 874 75724
238 876 668
238 901 81002
238 917 132
238 977 1430
238 981 209996
238 988 137741
238 993 317
238 1018 145
238 1021 460
238 1108 125
238 1175 146
238 1254 41712
238 1276 24
238 1315 6
238 1350 100
238 1355 125
238 1358 153
238 1371 10
238 1390 18054
238 1405 90
238 1425 25
238 1432 959
238 1436 298
238 1459 24
238 1469 54
238 1479 99
238 1484 1
238 1516 1522
238 1542 7
238 1627 21
238 1644 38
238 1663 585
238 1821 43
239 81 318
239 310 358
239 320 753
239 441 2
239 461 2
239 545 9
239 554 2
239 576 1
239 684 45
239 844 10
239 874 376301
239 1062 1
239 1066 2
239 1175 480
239 1254 314711
239 1342 2
239 1398 2
239 1417 9
239 1432 132318
239 1436 70868
239 1469 52014
239 1485 1
239 1500 4
239 1518 1
239 1573 2
239 1617 6
239 1629 1176
239 1635 33
239 1653 1
239 1678 10
239 1687 26
239 1709 19
239 1821 7
239 1857 2
245 133 3
245 320 146625
245 874 154996
245 876 160625
245 891 237
245 1057 6
245 1165 172
245 1254 213043
245 1436 50170
245 1469 129217
245 1484 3439
245 1629 3717
245 1842 2
320 116 27
320 874 89406
320 876 20927
326 477 53
326 676 1
333 718 252
333 730 149
333 874 30926
333 876 37482
333 1175 427
333 1254 522
333 1432 4
333 1436 14019
333 1469 36589
333 1484 3
333 1629 244
333 1677 94
333 1821 1
342 74 1
342 390 95103
342 525 26
342 608 255
342 718 884
342 759 65
342 874 56
342 876 21
342 917 47
342 977 425
342 988 689
342 1071 52
342 1108 67
342 1175 28
342 1254 375
342 1663 877
354 390 15133
354 710 10862
354 874 84
355 299 156
355 461 836
355 609 13
355 684 2852
355 690 125
355 708 43908
355 715 105
355 726 27
355 730 29939
355 759 30483
355 765 53537
355 874 90489
355 876 127726
355 1175 1237
355 1254 46796
355 1432 52745
355 1436 75536
355 1469 133475
355 1484 154
378 273 1
378 390 34
378 434 471
378 524 15
378 525 16096
378 559 41
378 618 136
378 684 5
378 708 926
378 718 745
378 730 6060
378 759 777
378 874 62196
378 876 41626
378 901 1542
378 917 133353
378 925 274
378 977 213942
378 981 37163
378 988 63729
378 993 32375
378 1015 143
378 1021 8450
378 1067 9308
378 1071 180150
378 1175 94510
378 1184 1272
378 1199 180
378 1251 12077
378 1254 78447
378 1371 1632
378 1390 39
378 1425 195
378 1432 20027
378 1436 3239
378 1455 1553
378 1469 2736
378 1479 4236
378 1484 676
378 1516 210084
378 1578 104
378 1627 127521
378 1644 60
378 1663 383
378 1821 38
378 1822 77
378 1830 42
378 1836 64
382 28 25
382 59 128
382 92 118
382 116 22
382 118 19
382 390 510989
382 402 28
382 431 10810
382 434 259111
382 525 268949
382 608 169
382 609 112
382 618 20741
382 684 36517
382 690 56661
382 708 180
382 715 47
382 726 445
382 730 102298
382 759 103165
382 765 148277
382 874 41654
382 876 53832
382 898 7679
382 901 405020
382 917 60
382 977 95298
382 981 299735
382 988 105
382 993 92988
382 1015 390127
382 1021 168822
382 1037 864
382 1042 415
382 1065 12431
382 1067 230075
382 1071 90666
382 1100 5279
382 1108 25064
382 1175 1144
382 1184 35714
382 1199 747311
382 1254 138312
382 1371 691
382 1390 69870
382 1425 38151
382 1432 100688
382 1436 7702
382 1469 55898
382 1479 780
382 1484 6456
382 1516 106381
382 1627 10
382 1629 1585
382 1644 26631
382 1670 15
382 1821 498
388 28 466
388 29 124
388 148 37
388 233 8
388 390 731788
388 427 142227
388 431 120285
388 434 382674
388 461 51574
388 479 239
388 493 39741
388 504 8151
388 505 60845
388 525 138316
388 581 328
388 609 6817
388 610 6640
388 684 39
388 690 30861
388 708 488110
388 715 149655
388 718 2063
388 730 248104
388 759 3069
388 765 86969
388 874 912264
388 876 964816
388 880 7855
388 1066 57462
388 1084 122
388 1169 52
388 1175 259951
388 1179 18
388 1244 1818
388 1254 921282
388 1291 1898
388 1294 36
388 1361 14198
388 1364 12778
388 1374 1
388 1432 699030
388 1436 805826
388 1439 141
388 1453 377
388 1469 701887
388 1484 436332
388 1629 240490
388 1635 148
388 1663 113
388 1737 2389
388 1821 80972
451 233 1
451 239 2
451 316 50
451 525 4442
451 684 4
451 726 3
451 730 127
451 874 8
451 876 49
451 898 7
451 901 4
451 917 17
451 977 265
451 981 23619
451 988 7655
451 993 23376
451 1021 56
451 1067 4
451 1175 61
451 1199 116
451 1254 456
451 1432 81
451 1436 3
451 1484 12
493 874 20964
493 876 11903
493 1066 59
493 1254 316
493 1432 57457
493 1436 97762
493 1469 29502
493 1629 498
499 28 28
499 255 3
499 505 105
499 525 487316
499 575 15096
499 590 192
499 609 245
499 618 20674
499 684 14
499 690 82
499 708 98117
499 715 607
499 718 87
499 726 181
499 730 74281
499 759 66615
499 765 148
499 849 192
499 874 358342
499 876 394867
499 891 311
499 898 303
499 901 30
499 917 11562
499 961 36
499 977 64768
499 981 673898
499 988 163
499 993 67097
499 1021 61634
499 1066 54
499 1100 30393
499 1108 70109
499 1175 13855
499 1184 34751
499 1192 25150
499 1199 631056
499 1207 40656
499 1254 296960
499 1259 160
499 1371 1481
499 1390 183986
499 1391 658
499 1396 3040
499 1425 29802
499 1432 270773
499 1436 388724
499 1453 30218
499 1459 92789
499 1469 83887
499 1479 606
499 1484 92951
499 1516 72789
499 1533 69
499 1574 309
499 1609 2
499 1610 45
499 1613 52136
499 1627 12367
499 1629 839
499 1641 46713
499 1644 10193
499 1663 218
499 1718 35506
499 1785 41
499 1805 15309
499 1810 45
499 1815 866
499 1817 108606
499 1821 43652
499 1835 17298
506 178 15
506 239 16
506 316 404
506 509 3
506 690 42
506 715 112
506 718 852
506 874 74392
506 876 111196
506 917 5
506 977 2
506 993 139
506 1184 109
506 1199 2
506 1254 89773
506 1425 75
506 1432 35769
506 1436 43742
506 1469 40995
506 1617 3
506 1629 282
506 1842 151
584 168 11
584 298 1
584 310 25
584 427 2
584 524 90
584 547 8
584 708 88
584 718 935
584 730 191
584 874 77727
584 876 3500
584 901 212
584 917 54
584 977 2189
584 981 216
584 988 5494
584 993 37
584 1021 460
584 1028 12
584 1067 100172
584 1071 279
584 1175 62
584 1184 468
584 1199 12308
584 1254 79315
584 1328 7
584 1371 11006
584 1432 455450
584 1436 38576
584 1469 176368
584 1479 20568
584 1484 730
584 1627 1
584 1629 192
584 1821 5
594 310 1
594 333 141
594 434 1
594 718 428
594 874 14286
594 876 14003
594 1254 28648
594 1371 37
594 1407 21
594 1469 38462
594 1479 57
594 1830 1
611 156 241
611 255 18
611 257 15
611 336 239
611 370 86
611 617 14
611 718 377
611 874 152
621 316 35
621 320 11
621 668 376
621 710 46
621 718 631
621 874 21346
621 977 37
621 988 123
621 1066 40
621 1067 25407
621 1199 12
621 1371 92
621 1432 20039
621 1455 1
621 1469 34943
621 1516 5
621 1627 1
621 1629 75
682 380 24
682 618 3
682 684 103
682 690 90
682 708 1501
682 715 1
682 718 125
682 730 546
682 759 34819
682 765 73627
682 874 162978
682 876 155267
682 898 13
682 901 1316
682 917 37425
682 977 23310
682 981 147936
682 988 205454
682 993 213
682 1021 1125
682 1042 21
682 1067 1419
682 1071 271903
682 1175 104426
682 1184 351
682 1199 156
682 1254 134685
682 1371 4326
682 1375 12
682 1390 170
682 1402 67199
682 1404 141442
682 1425 4650
682 1432 3651
682 1436 5458
682 1455 4290
682 1469 5838
682 1479 6094
682 1484 1747
682 1503 1
682 1516 125858
682 1548 48
682 1627 102502
682 1629 1731
682 1663 394
682 1699 3
682 1836 2
685 310 3
685 342 53
685 525 88
685 624 3557
685 710 66521
685 718 1389
685 730 24
685 748 39
685 759 3
685 874 1329
685 876 391
685 878 576
685 901 95
685 917 535
685 935 72
685 963 86
685 977 1112
685 981 629
685 988 4639
685 1010 46
685 1015 133
685 1067 15357
685 1071 424
685 1161 62
685 1175 325
685 1239 7
685 1254 10
685 1352 83
685 1390 3
685 1401 2829
685 1402 493
685 1403 1585
685 1404 36585
685 1479 4
685 1484 10
685 1516 522
685 1578 456
685 1612 38
685 1627 164
685 1663 434
710 28 69
710 59 59
710 116 2
710 175 132
710 299 66
710 402 1
710 548 1
710 590 78
710 715 58092
710 718 1764
710 726 26
710 730 110897
710 759 84311
710 765 16663
710 857 1868
710 868 10729
710 874 430056
710 876 557025
710 898 23889
710 901 317401
710 902 63
710 917 81592
710 929 262
710 977 146802
710 981 339902
710 988 80
710 993 95773
710 1015 256961
710 1017 32215
710 1021 71075
710 1028 64
710 1042 53334
710 1065 223
710 1067 172471
710 1071 428710
710 1108 8804
710 1162 9979
710 1175 140251
710 1184 109959
710 1199 539598
710 1228 15722
710 1254 431966
710 1334 19584
710 1371 1103
710 1390 105361
710 1391 20870
710 1425 65690
710 1432 385820
710 1434 340
710 1436 387907
710 1437 263
710 1439 256
710 1453 37804
710 1459 150730
710 1460 48
710 1469 187613
710 1477 8214
710 1479 160292
710 1484 194434
710 1496 50
710 1516 82162
710 1557 13683
710 1578 33042
710 1579 2739
710 1614 11918
710 1627 126953
710 1629 90937
710 1644 42171
710 1663 635
710 1680 4925
710 1685 16990
710 1703 14561
710 1821 73253
710 1842 23485
717 250 16
717 505 2
717 608 205
717 630 4
717 874 14267
717 876 4918
717 902 3394
717 1028 16
717 1161 53
717 1239 1971
717 1296 340
717 1432 5016
717 1469 68123
717 1627 5
748 210 13
748 299 129
748 451 278
748 584 96
748 684 2
748 715 125
748 758 103
748 759 618
748 874 34031
748 876 14
748 917 18
748 958 119
748 977 31
748 981 177105
748 988 106555
748 1007 136
748 1067 18
748 1071 1122
748 1100 110
748 1161 49
748 1175 84
748 1184 7
748 1188 254
748 1230 105377
748 1239 31
748 1251 45591
748 1254 4290
748 1263 493
748 1371 215
748 1373 94
748 1390 8546
748 1402 477
748 1404 407
748 1432 564
748 1436 741
748 1455 84
748 1469 443
748 1479 334
748 1484 207
748 1516 347
748 1627 3
748 1629 113
748 1663 271
748 1708 8
756 333 9
756 876 11087
756 1239 3
756 1469 10
873 122 124
873 264 106
873 378 2
873 1065 28
873 1323 121
873 1361 11
873 1402 123
873 1427 24
873 1469 135
873 1610 122
873 1737 328
874 521 8
874 1440 12
874 1614 153
874 1635 6476
874 1685 122
874 1729 30
876 164 4
876 222 9
876 486 6
876 729 7
876 808 6
876 944 12883
876 1017 282
876 1059 495
876 1106 62423
876 1162 374
876 1209 115
876 1221 4381
876 1241 764
876 1286 110425
876 1291 3346
876 1339 12067
876 1417 18
876 1439 600
876 1453 66136
876 1533 34297
876 1547 418749
876 1613 457801
876 1828 6
876 1842 31711
878 74 6
878 210 56
878 214 3
878 320 26
878 451 5
878 690 20
878 901 5
878 917 238
878 925 28
878 977 517
878 981 748
878 988 313
878 993 30458
878 1071 525
878 1161 286
878 1175 242
878 1184 3
878 1188 28
878 1239 88
878 1251 91
878 1254 4546
878 1319 9
878 1371 458
878 1402 674
878 1404 1390
878 1432 52
878 1436 4
878 1455 163
878 1469 249
878 1479 7
878 1516 205
878 1627 106
878 1629 94
878 1663 126
878 1699 10
902 168 488
902 245 55
902 310 108
902 320 320
902 431 4
902 977 55
902 981 5396
902 993 34
902 1067 47
902 1175 47
902 1254 81026
902 1432 142726
902 1436 154152
902 1469 174255
902 1629 1384
902 1663 344
902 1709 10
963 157 27
963 210 6
963 214 114
963 310 22
963 584 35
963 901 1
963 977 416
963 981 213
963 988 381
963 1021 9
963 1067 17
963 1071 545
963 1161 2338
963 1175 393
963 1188 9
963 1239 122
963 1251 357
963 1254 462
963 1352 35
963 1371 9
963 1402 61
963 1404 715
963 1432 516
963 1436 8
963 1455 5
963 1460 36
963 1469 233
963 1479 70
963 1484 3
963 1516 643
963 1612 36
963 1627 1275
963 1629 5
996 122 106
996 144 2
996 163 150
996 168 20
996 205 55
996 239 4
996 584 7
996 690 8
996 1015 268623
996 1067 1077
996 1071 2161
996 1161 254
996 1188 253
996 1199 151669
996 1239 479
996 1251 111
996 1254 83009
996 1263 50
996 1319 12
996 1352 31
996 1402 3814
996 1404 54296
996 1432 3856
996 1436 113130
996 1455 86
996 1469 18423
996 1516 52
996 1612 147
997 168 13
997 214 5
997 316 15
997 333 30
997 342 48
997 378 286
997 382 100
997 388 398
997 495 5
997 1080 91
997 1175 29
997 1184 31
997 1199 27
997 1200 45
997 1251 7
997 1254 140
997 1404 118
997 1434 9910
997 1455 54
997 1516 167
997 1612 129
997 1629 31
1010 81 7
1010 144 10
1010 148 1
1010 163 15
1010 238 20
1010 380 47
1010 402 3
1010 547 13
1010 584 94
1010 608 11
1010 609 177
1010 715 107
1010 748 95
1010 878 5
1010 969 7
1010 1015 139
1010 1021 505
1010 1067 15
1010 1071 1369
1010 1108 37
1010 1161 388
1010 1175 134
1010 1184 22
1010 1188 667
1010 1199 56168
1010 1200 934
1010 1201 91
1010 1230 2085
1010 1239 603
1010 1251 222318
1010 1254 37722
1010 1263 698
1010 1292 1
1010 1315 10
1010 1327 400
1010 1352 4879
1010 1358 56
1010 1371 321
1010 1390 4499
1010 1402 1288
1010 1404 500
1010 1425 1632
1010 1432 41
1010 1436 334
1010 1455 2244
1010 1469 187
1010 1479 114
1010 1484 734
1010 1503 11
1010 1516 2775
1010 1539 20
1010 1548 69
1010 1612 87087
1010 1627 50
1010 1629 24
1010 1630 61
1010 1663 112
1010 1836 3465
1046 245 28
1046 547 4
1046 691 1
1046 708 33
1046 759 7
1046 1067 65790
1046 1199 12
1046 1200 47
1046 1251 55
1046 1254 33
1046 1352 13
1046 1404 69
1046 1469 6107
1060 39 1
1060 144 87
1060 333 4
1060 427 3
1060 506 44
1060 594 9
1060 735 2
1060 1067 93
1060 1188 9
1060 1221 3
1060 1254 31392
1060 1303 41
1060 1371 431
1060 1402 7701
1060 1436 38221
1060 1479 6
1060 1481 3
1060 1572 7
1060 1629 257
1060 1806 3
1060 1821 28
1060 1834 3
1060 1846 1
1067 427 95
1067 548 15
1067 590 131
1067 618 257
1067 1108 250
1067 1132 166
1067 1175 37217
1067 1254 564545
1067 1357 23510
1067 1424 4
1067 1432 507521
1067 1436 352262
1067 1453 4665
1067 1454 68
1067 1469 243677
1067 1484 101593
1067 1511 26
1067 1514 28
1067 1526 24357
1067 1533 789
1067 1615 118
1067 1629 48396
1067 1631 2393
1067 1663 529
1067 1807 7874
1067 1821 72608
1067 1842 7364
1071 143 28
1071 178 6
1071 299 58
1071 431 54
1071 505 38
1071 547 2
1071 590 177
1071 618 57
1071 684 1
1071 1175 4526
1071 1254 45955
1071 1432 2209
1071 1436 11284
1071 1469 31997
1071 1484 393
1071 1629 30
1071 1663 93
1161 98 2
1161 156 1
1161 157 3909
1161 188 50
1161 232 46
1161 250 2
1161 333 32
1161 506 100
1161 535 52
1161 1015 29
1161 1066 53
1161 1119 4
1161 1169 105
1161 1175 1559
1161 1184 2169
1161 1199 1184
1161 1239 228555
1161 1251 4342
1161 1254 346927
1161 1257 48
1161 1263 709
1161 1371 66847
1161 1425 158
1161 1432 391294
1161 1436 54
1161 1459 2
1161 1469 238845
1161 1479 163
1161 1484 248817
1161 1516 10106
1161 1574 2851
1161 1581 1029
1161 1627 393
1161 1629 13354
1161 1840 832
1161 1842 608
1175 28 60
1175 35 14
1175 47 18
1175 116 10
1175 155 31
1175 684 1
1175 1254 72519
1175 1432 3136
1175 1436 2277
1175 1469 46341
1175 1484 544
1175 1629 2071
1175 1821 44
1184 157 14
1184 162 4
1184 289 48
1184 342 6
1184 380 57
1184 461 115
1184 509 22
1184 531 76
1184 559 48
1184 609 28
1184 690 25
1184 898 27
1184 902 37
1184 1254 161861
1184 1432 1100
1184 1436 6388
1184 1469 45769
1184 1484 3263
1184 1629 274
1184 1663 181
1184 1821 21
1188 39 3
1188 59 1
1188 74 990
1188 132 192
1188 175 20
1188 352 46
1188 1043 1
1188 1199 592
1188 1239 74331
1188 1251 66
1188 1254 394638
1188 1263 702
1188 1291 2354
1188 1296 502
1188 1371 10697
1188 1425 1183
1188 1432 131866
1188 1436 56281
1188 1469 87297
1188 1479 244002
1188 1516 2329
1188 1627 418
1188 1629 1058
1188 1644 12
1188 1821 97
1200 40 1118
1200 59 5
1200 81 31
1200 210 78
1200 299 32
1200 372 4
1200 402 36
1200 431 65
1200 495 22
1200 533 17
1200 559 130
1200 608 455
1200 611 64
1200 758 143
1200 898 69
1200 971 25
1200 1021 278
1200 1028 20
1200 1230 35
1200 1239 237
1200 1251 76573
1200 1254 1473
1200 1263 31
1200 1276 214
1200 1296 4
1200 1319 1795
1200 1358 493
1200 1371 162
1200 1375 38
1200 1390 384
1200 1402 1194
1200 1404 800
1200 1405 95
1200 1425 767
1200 1432 62
1200 1436 64
1200 1455 107
1200 1462 115
1200 1469 1066
1200 1479 690
1200 1484 43
1200 1503 2
1200 1516 5008
1200 1548 113
1200 1627 55
1200 1629 14
1200 1644 47
1200 1663 398
1200 1699 4
1200 1835 3
1200 1836 4
1230 28 92
1230 59 20
1230 203 649
1230 239 19
1230 790 5
1230 917 2
1230 981 146
1230 987 39
1230 1100 5
1230 1245 248
1230 1251 185815
1230 1254 26
1230 1263 1892
1230 1355 616
1230 1358 21
1230 1371 21
1230 1425 102
1230 1436 135
1230 1469 244
1230 1516 2865
1230 1565 5
1230 1629 10
1230 1663 324
1230 1821 4
1239 28 7
1239 74 321
1239 116 33
1239 313 6
1239 355 1040
1239 504 107
1239 690 48
1239 759 284
1239 1251 25441
1239 1254 404672
1239 1263 1119
1239 1371 61960
1239 1425 32
1239 1432 463167
1239 1436 295293
1239 1469 286503
1239 1479 251050
1239 1484 134368
1239 1516 3288
1239 1613 1
1239 1627 975
1239 1629 2527
1239 1644 54
1239 1763 7
1239 1821 78750
1239 1842 721
1254 28 3
1254 1494 2867
1254 1649 2
1254 1842 10012
1296 107 1
1296 210 179
1296 239 11
1296 250 8
1296 333 18
1296 355 38
1296 390 83
1296 547 1
1296 977 11
1296 1028 12
1296 1254 128
1296 1371 149
1296 1432 93421
1296 1436 24870
1296 1469 79102
1296 1516 75
1296 1644 261
1303 113 205
1303 144 1
1303 175 60
1303 205 168
1303 270 4
1303 509 1
1303 547 4
1303 584 94
1303 690 85
1303 710 113
1303 715 102
1303 996 10
1303 1011 135
1303 1066 1
1303 1352 259
1303 1371 1
1303 1390 24
1303 1404 31
1303 1419 3
1303 1432 92108
1303 1436 96000
1303 1455 5
1303 1469 33851
1303 1479 10564
1303 1481 3
1303 1612 126
1303 1629 30
1303 1772 16759
1303 1821 23311
1303 1822 56
1303 1830 39855
1303 1833 1
1319 133 17
1319 257 17
1319 295 42
1319 352 970
1319 575 8
1319 618 13
1319 684 41
1319 726 17
1319 1108 85
1319 1432 262
1319 1436 942
1319 1469 308
1319 1484 567
1319 1627 30
1319 1629 705
1319 1644 138
1319 1663 65
1319 1821 237
1319 1836 4188
1321 214 15
1321 506 9
1321 584 7
1321 730 22
1321 901 71
1321 902 17
1321 1071 16
1321 1402 3549
1321 1404 109
1321 1432 33549
1321 1436 81391
1321 1469 10427
1321 1479 81
1321 1516 2700
1352 28 66
1352 87 17
1352 116 71
1352 163 17
1352 249 120
1352 342 14
1352 475 50
1352 488 23
1352 505 11
1352 590 190
1352 609 7
1352 617 245
1352 715 81
1352 983 1
1352 1003 19
1352 1358 88
1352 1371 583
1352 1373 73
1352 1390 1965
1352 1405 71
1352 1425 38
1352 1432 5395
1352 1436 3454
1352 1455 1613
1352 1459 19
1352 1469 672
1352 1479 951
1352 1484 509
1352 1516 44813
1352 1542 62
1352 1548 216
1352 1627 154
1352 1629 263
1352 1644 62
1352 1663 775
1352 1819 219
1352 1821 236
1352 1830 22
1352 1836 29361
1371 81 136
1371 333 109
1371 360 130
1371 427 1
1371 431 169
1371 547 280
1371 609 128
1371 610 118
1371 690 13
1371 901 227
1371 1066 20
1371 1432 105801
1371 1436 83188
1371 1459 16
1371 1460 128
1371 1469 152831
1371 1479 4
1371 1484 11304
1371 1629 1083
1371 1687 164
1371 1821 2
1402 29 3
1402 132 1224
1402 172 76
1402 265 5
1402 299 141
1402 333 74
1402 504 20
1402 509 55
1402 544 1
1402 690 126
1402 902 185
1402 938 119
1402 987 169
1402 1188 46
1402 1244 2
1402 1257 55
1402 1312 117
1402 1404 59562
1402 1405 5
1402 1425 1967
1402 1432 343217
1402 1436 737815
1402 1469 209637
1402 1479 357744
1402 1516 31550
1402 1613 21
1402 1627 3143
1402 1629 92914
1402 1663 84
1402 1821 27987
1402 1830 27866
1402 1836 19250
1404 59 5
1404 122 112
1404 250 21
1404 289 4
1404 292 64
1404 342 66
1404 356 31
1404 380 1101
1404 505 102
1404 575 68
1404 726 154
1404 898 3
1404 937 4
1404 1269 23
1404 1349 1
1404 1405 35
1404 1425 114
1404 1432 4161
1404 1436 20494
1404 1469 54807
1404 1479 6491
1404 1484 3831
1404 1516 12478
1404 1578 370
1404 1627 5657
1404 1629 1915
1404 1644 46
1404 1663 949
1404 1836 171
1407 157 164
1407 239 3
1407 250 1
1407 427 13
1407 509 56
1407 584 42
1407 892 2
1407 1108 11
1407 1312 93
1407 1425 75
1407 1432 21359
1407 1436 51155
1407 1469 19188
1407 1479 13700
1407 1518 13
1407 1629 453
1407 1645 1
1407 1653 1
1407 1820 1
1407 1821 7
1412 122 25
1412 388 6
1412 1303 2
1412 1371 1
1412 1404 16
1412 1436 33608
1412 1469 10
1412 1629 4
1425 28 35
1425 51 48
1425 126 37
1425 250 25
1425 257 4
1425 289 4
1425 352 578
1425 431 53
1425 449 23
1425 505 17
1425 684 3
1425 765 50
1425 1065 64
1425 1432 774
1425 1436 179
1425 1479 355
1425 1484 94
1425 1629 534
1425 1640 9
1425 1663 550
1432 69 868
1432 73 3
1432 1436 681887
1432 1453 3232
1432 1469 370183
1432 1484 286028
1432 1533 747
1432 1613 65127
1432 1629 49887
1432 1735 3631
1432 1761 2689
1432 1821 193646
1432 1837 1
1436 219 4
1436 252 1
1436 912 207
1436 959 270
1436 1258 42
1436 1259 1
1436 1282 3
1436 1439 16255
1436 1453 94674
1436 1469 204453
1436 1533 727
1436 1547 143191
1436 1613 269152
1436 1678 238
1436 1821 240973
1436 1842 66
1455 116 189
1455 155 138
1455 316 161
1455 333 76
1455 370 99
1455 506 58
1455 993 112
1455 1003 80
1455 1224 115
1455 1321 33
1455 1469 94451
1455 1479 5137
1455 1484 247389
1455 1516 1966
1455 1627 334
1455 1629 10290
1455 1632 6
1455 1736 145
1455 1821 200
1455 1830 111
1456 87 8
1456 506 2
1456 997 6
1456 1251 314
1456 1263 116
1456 1404 601
1456 1469 8737
1456 1479 13586
1456 1484 295
1479 157 40
1479 336 51
1479 352 21
1479 431 204
1479 505 1
1479 715 88
1479 1096 3
1479 1484 229540
1479 1629 7221
1479 1821 90
1479 1842 397
1484 81 20
1484 107 11
1484 1066 9
1484 1629 1410
1484 1821 15
1595 59 1
1595 99 1
1595 168 13
1595 214 3
1595 257 1
1595 378 15
1595 382 536
1595 495 2
1595 1021 68
1595 1100 6
1595 1390 19
1595 1404 3
1595 1612 10941
1595 1627 14
1595 1628 26
1595 1644 40
1595 1663 124
1595 1751 20
1595 1836 7
1612 172 155
1612 175 107
1612 225 4
1612 250 76
1612 255 1
1612 265 226
1612 295 163
1612 461 288
1612 609 90
1612 624 401
1612 758 6
1612 902 42
1612 983 132
1612 1003 120
1612 1321 38
1612 1401 133
1612 1459 126
1612 1503 116
1612 1627 340
1612 1629 639
1612 1663 67
1612 1670 56
1612 1678 65
1612 1781 81
1612 1821 90
1612 1830 2
1612 1836 102098
1629 175 4
1629 524 19
1629 1821 9
1629 1842 1
1821 427 2
1821 475 1
1830 125 2
1830 144 84
1830 205 111
1830 245 99
1830 324 1
1830 402 100
1830 544 40
1830 547 2
1830 898 3
1830 1021 54
1830 1065 1
1830 1074 1
1830 1175 12
1830 1371 13
1830 1404 2
1830 1496 5
1830 1629 25
1830 1644 1
32 117 11
32 1067 20076
117 1067 7724
117 1262 79
33 113 2711
33 708 1
33 765 7231
34 113 35302
34 597 73
34 898 1
34 1819 78
597 708 107
597 988 117
597 993 6130
1819 74 39
1819 122 22
1819 136 2
1819 175 2
1819 203 12
1819 245 72
1819 431 1
1819 617 29
1819 758 17
1819 759 32
1819 977 18
1819 987 2
1819 1028 6
1819 1071 285
1819 1100 9
1819 1200 11
1819 1371 78
1819 1373 78
1819 1469 165
1819 1572 2
1819 1699 65
35 122 25
35 874 16
35 1254 5055
1427 1188 10
1427 1254 12
1427 1417 4
1427 1481 8
1427 1572 3
36 113 13125
36 355 144
36 388 141
36 708 18257
36 765 37487
36 1199 1134
36 1432 44
36 1612 7
37 144 36
37 145 8
37 214 29505
37 347 1
37 382 5248
37 497 8414
37 499 4832
37 544 9
37 630 4
37 650 2
37 684 2337
37 691 13
37 699 6
37 701 31819
37 748 2
37 765 17872
37 901 3271
37 1036 32
37 1089 4017
37 1219 6
37 1220 18
37 1251 3
37 1319 3136
37 1572 817
37 1846 1
37 1857 4
497 1089 4077
497 1220 2
497 1572 5
544 327 3
544 708 179
544 1254 42
544 1821 43
630 148 4
630 245 12
630 402 15
630 434 227
630 536 2
630 682 3
630 684 26
630 708 44766
630 757 4
630 765 66582
630 874 3
630 876 1
630 1015 8
630 1188 5
630 1230 7
630 1405 25
630 1436 2456
630 1527 9
630 1572 46
650 1089 1
650 1708 3
691 591 1
691 928 6
691 1089 4
691 1220 2
691 1327 5
699 142 7
699 691 1
699 881 1
699 1251 35761
699 1473 10
699 1572 1
699 1836 3
701 1089 1618
701 1184 1
701 1220 4
701 1405 6
701 1572 17
701 1687 6
701 1819 4
701 1836 2
1036 99 2
1036 536 1
1036 684 2
1036 1089 2
1036 1220 2
1036 1410 6
1036 1417 7
1036 1595 2
1036 1819 12
1036 1836 6
1036 1846 5
1089 493 1
1089 499 5
1089 1071 18
1219 684 5
1219 1572 2
1220 708 1
1220 1686 2
1572 40 7
1572 161 3
1572 182 5
1572 257 1
1572 286 14
1572 292 1
1572 403 2
1572 461 10
1572 501 15
1572 533 5
1572 605 6
1572 721 3
1572 732 5
1572 790 2
1572 894 4
1572 925 4
1572 981 5
1572 1067 4
1572 1086 16
1572 1119 2
1572 1156 2
1572 1281 6
1572 1433 2
1572 1484 4
1572 1533 9
1572 1542 8
1572 1609 23
1572 1620 6
1572 1629 2
1572 1672 2
1572 1779 31
1572 1781 1
1572 1821 10
1572 1822 2
1572 1836 212
1572 1857 1
1846 144 2
1846 163 2
1846 402 1
1846 621 3
1846 682 4
1846 730 6
1846 874 4
1846 1067 2
1846 1071 7
38 144 50
38 334 34
38 388 207
38 390 45735
38 493 73
38 535 172
38 597 43
38 710 13471
38 718 230
38 871 35
38 977 111
38 993 86
38 1007 256
38 1067 32
38 1071 111
38 1108 48
38 1161 89
38 1175 174
38 1425 28
38 1540 230
38 1628 49
38 1644 35
38 1663 99
334 380 146
334 1175 210
334 1254 888
535 765 345
535 874 71
535 938 36
535 977 73
535 1065 41
535 1175 66
535 1251 70
535 1254 64
535 1256 131
535 1644 49
871 116 1
871 158 291
871 163 17
871 203 4
871 257 1
871 488 3
871 505 6
871 617 6
871 874 534
871 898 11
871 969 152
871 977 36
871 981 1301
871 987 1
871 1042 240
871 1065 250
871 1067 9842
871 1199 34474
871 1200 12
871 1251 196
871 1263 1
871 1319 10
871 1327 28
871 1352 50
871 1358 108
871 1373 152
871 1375 5
871 1390 775
871 1405 3
871 1416 278
871 1425 84
871 1434 350
871 1516 142
871 1595 34
871 1627 35
871 1644 20
871 1663 180
871 1751 3
871 1819 8
871 1836 23
1007 1175 64
1007 1199 1335
1007 1469 245
1540 1020 116
1540 1021 107
1540 1317 138
1628 1064 6
1628 1572 41
1628 1644 137
1644 28 9
1644 74 20
1644 116 32
1644 144 83
1644 210 100
1644 245 12
1644 505 7
1644 547 5
1644 587 7
1644 611 5
1644 618 37
1644 684 188
1644 715 169
1644 730 61
1644 942 44
1644 977 356
1644 1028 22
1644 1065 3
1644 1071 52
1644 1371 32
1644 1437 31
1644 1663 1777
39 876 25936
39 1254 2
195 239 3
195 484 3170
195 491 756
195 493 142
195 543 1000
195 718 2889
195 874 167710
195 876 18727
195 902 7825
195 1161 21007
195 1239 2633
195 1303 25387
195 1351 141
195 1371 522
195 1402 18356
195 1407 30
195 1419 142
195 1432 103329
195 1469 146
195 1479 339
270 239 9
270 1254 5
270 1436 12275
270 1479 799
1349 122 1
1349 1043 48
1349 1432 6245
1349 1436 29390
1349 1484 3
40 28 2
40 74 1478
40 116 119
40 214 41512
40 320 1010
40 779 215
40 1175 88
59 116 70
217 261 107
217 382 80
217 499 47624
217 525 38791
217 765 91556
217 901 70
217 981 60428
217 996 654
217 1199 549
217 1315 823
217 1429 1180
217 1685 99
237 113 165
237 525 219
237 765 36554
237 874 8
237 876 2
237 993 2
237 1572 3
255 28 21
255 133 8
255 214 6
255 320 130
255 1385 100
255 1629 245
255 1640 48
257 684 1
257 1175 2
271 1319 95
271 1444 98
271 1663 87
271 1784 141
343 355 9263
343 382 17152
343 434 20405
343 451 10
343 505 4
343 559 1
343 608 8
343 684 5
343 690 16
343 708 26065
343 710 11258
343 726 6
343 730 8
343 901 7318
343 981 14323
343 987 14
343 1042 55
343 1199 33244
343 1251 3
343 1373 120
343 1644 13
343 1663 160
352 355 20244
352 390 260588
352 434 86045
352 525 78610
352 708 62639
352 730 6844
352 765 161609
352 874 99
352 876 70046
352 1254 64832
352 1432 11158
352 1436 6642
352 1469 25374
352 1484 106
360 100 18
360 163 6
360 434 35876
374 168 2
374 238 43
374 355 12
374 380 8
374 382 720
374 434 127
374 499 169
374 507 3
374 525 10
374 533 24
374 608 1048
374 617 9
374 708 7
374 730 251
374 765 112
374 977 38
374 993 89
374 1021 9
374 1028 50
374 1175 5
374 1199 62
374 1251 98
374 1319 46
374 1358 2
374 1375 2
374 1405 2
374 1425 16
374 1516 23
374 1548 3
374 1627 3
374 1644 107
374 1663 404
374 1836 43
507 59 49
507 126 8
507 434 37
507 611 122
507 690 44
507 708 2
507 726 1312
507 758 64
507 917 30
507 977 44
507 987 11
507 1042 3
507 1184 6
507 1263 12
507 1276 5
507 1425 9
507 1516 18
507 1663 291
559 144 17
559 162 78
559 163 6
559 205 50
559 289 134
559 310 1
559 475 13
559 488 4
559 548 2
559 608 454
559 617 49
559 634 45
559 690 35
559 708 213
559 715 127
559 718 337
559 898 5
559 917 39
559 993 74
559 1021 6
559 1108 169
559 1663 423
612 28 59
612 32 3
612 122 40
612 125 46
612 133 28
612 299 3
612 333 8
612 370 58
612 380 15
612 451 84
612 609 38
612 617 35
612 618 12
612 690 4
612 708 206
612 718 779
612 730 205
612 759 163
612 765 85
612 874 18274
612 898 39
612 901 9925
612 977 122
612 981 57343
612 993 33327
612 1015 355
612 1021 36694
612 1065 41
612 1067 125825
612 1071 70
612 1100 5248
612 1175 48
612 1184 272
612 1199 191560
612 1245 1630
612 1251 14
612 1257 24921
612 1263 47
612 1276 22
612 1371 121
612 1373 3
612 1390 4910
612 1405 23
612 1425 58
612 1434 3469
612 1437 7
612 1484 59
612 1516 260
612 1627 14
612 1644 78
612 1663 531
612 1821 172
612 1825 4
617 28 77
617 51 32
617 59 1
617 257 7
617 295 14
617 589 36
617 618 440
617 684 40
617 690 55
617 708 33635
617 730 148
617 759 33
617 901 62964
617 917 86
617 977 224
617 981 139
617 993 11059
617 1175 206
617 1436 150
617 1663 652
634 718 167
634 759 85
634 1021 2
634 1663 383
747 981 131
747 1256 136
747 1352 2834
747 1373 122
747 1627 148
747 1663 622
925 133 58
925 205 33
925 547 41
925 684 6
925 942 53
925 1066 5
925 1175 227
925 1432 639
946 59 5
946 144 35
946 1175 33
946 1251 77
946 1263 28
946 1410 50
946 1516 42
946 1572 60
969 981 40370
969 993 17415
969 1015 138596
969 1021 3391
969 1067 11630
969 1199 29254
969 1230 1
969 1251 89094
969 1254 10703
969 1263 2
969 1319 1167
969 1375 9
969 1432 217
969 1516 7873
969 1521 14
969 1548 86
969 1612 199
1042 59 15
1042 116 1
1042 125 17
1042 310 33
1042 431 4
1042 690 3
1042 715 15
1042 726 3
1042 917 39
1042 1663 44
1201 1230 1130
1201 1245 4630
1201 1358 104
1201 1434 5839
1249 617 31
1249 1067 53
1249 1256 25
1249 1263 1
1249 1352 4
1249 1516 117
1249 1627 48
1327 28 165
1327 144 105
1327 205 145
1327 295 63
1327 299 12
1327 352 92
1327 360 1
1327 380 1
1327 533 9
1327 612 63
1327 617 4
1327 715 7
1327 758 5
1327 988 10
1327 1100 19
1327 1230 264
1327 1276 18
1327 1315 4
1327 1358 28
1327 1390 41
1327 1425 18
1327 1459 5
1327 1462 10
1327 1516 15
1327 1548 2
1327 1609 6
1327 1612 409
1327 1644 1
1327 1819 1
1327 1836 4640
1367 1263 17
1367 1548 22
1367 1663 47
1375 133 6
1375 148 63
1375 168 9
1375 205 166
1375 289 2
1375 380 1
1375 505 8
1375 609 3
1375 618 113
1375 726 22
1375 898 35
1375 917 6
1375 977 20
1375 987 112
1375 1028 12
1375 1065 50
1375 1071 4
1375 1100 74
1375 1108 43
1375 1230 157
1375 1263 76
1375 1276 447
1375 1296 25
1375 1315 11
1375 1373 4
1375 1390 535
1375 1404 73
1375 1425 5
1375 1436 2626
1375 1503 15
1375 1627 14
1375 1836 2502
1405 28 19
1405 126 51
1405 144 39
1405 233 56
1405 495 42
1405 617 2
1405 726 11
1405 758 49
1405 765 43
1405 1184 46
1405 1276 11
1405 1315 7
1405 1318 2
1405 1425 495
1405 1516 353
1405 1643 57
1405 1663 62
1461 59 2
1461 257 28
1461 352 34
1461 461 16
1461 617 141
1461 684 132
1461 1100 149
1461 1254 78
1461 1272 87
1461 1358 110
1461 1405 7
1461 1432 233
1461 1434 3
1461 1462 12037
1461 1469 86
1461 1476 13341
1461 1514 8687
1461 1521 86860
1461 1542 22894
1461 1572 2
1461 1612 56189
1461 1700 16504
1461 1705 7
1461 1819 1732
1461 1836 5695
1548 74 94
1548 118 23
1548 122 59
1548 238 63
1548 249 2
1548 255 11
1548 372 40
1548 488 17
1548 495 55
1548 501 35
1548 505 3
1548 533 8
1548 547 39
1548 575 1
1548 612 26
1548 1042 25
1548 1100 288
1548 1175 9
1548 1269 33
1548 1315 94
1548 1404 46
1548 1459 1
1548 1627 12
1548 1644 74
1548 1699 15
1548 1779 5
1548 1836 2721
1610 239 8
1610 715 260
1610 730 63
1610 1629 142
1610 1663 399
1616 168 13
1616 374 2
1616 382 1
1616 451 7
1616 612 24
1616 618 2
1616 684 1
1616 715 124
1616 917 10
1616 993 42
1616 1404 1
1616 1548 3
1616 1595 2
1616 1630 9
1616 1644 194
1616 1663 1275
1616 1836 5
1697 87 2
1697 348 4
1697 881 8
1697 1071 4
1697 1111 3
1697 1203 4
1697 1251 2
1697 1286 13
1697 1456 6
1697 1572 12
1697 1821 2
1697 1836 4
1784 618 57
1784 946 2
1784 1836 2
1794 295 131
1794 1358 2
42 708 62742
44 87 2097
67 80 2
67 678 4
67 831 2
67 863 4
67 1202 6
80 1464 5
98 876 4
98 1617 6
98 1821 16
268 482 58
268 774 888
268 1432 2258
268 1682 32
268 1761 127
391 831 9
391 1202 4
401 368 3
401 482 26
401 1233 13
439 44 4
439 541 2
439 683 18
439 839 1143
482 678 9
792 1428 2
819 831 16
819 863 27
819 1180 2
819 1202 16
830 824 1
1180 80 2
1180 824 2
1180 826 1
1180 1202 5
1180 1428 7
1306 1270 2
1608 121 9
48 31 32
48 122 25
48 125 23
48 155 85
48 299 31
48 310 31
48 316 30
48 320 25
48 388 39
48 431 72
48 434 134
48 451 27
48 612 27
48 874 25
48 975 33
48 1010 33
48 1015 72
48 1021 63
48 1110 162
48 1117 72
48 1132 33
48 1279 105
48 1327 28
48 1516 29
48 1601 177
48 1794 27
48 1836 61
125 28 41
125 299 2
125 684 2
155 148 48
155 214 50
155 320 28
155 508 140
155 934 17
155 1066 40
155 1254 159
155 1328 5
155 1436 292
155 1454 26
155 1502 4
155 1706 4
155 1763 7
155 1766 14
155 1821 55
155 1828 6
155 1844 4
975 1015 47
1015 40 1
1015 59 8
1015 87 405
1015 122 52
1015 178 20
1015 332 217
1015 333 54
1015 521 3
1015 857 2
1015 959 427
1015 1017 5997
1015 1021 135
1015 1037 126
1015 1067 128282
1015 1071 116054
1015 1079 386
1015 1085 42386
1015 1100 13
1015 1103 1024
1015 1108 224097
1015 1109 410
1015 1148 152
1015 1175 35
1015 1199 593419
1015 1207 9163
1015 1241 11926
1015 1254 43520
1015 1285 34
1015 1302 184
1015 1347 23
1015 1371 250
1015 1391 102
1015 1423 8908
1015 1432 49984
1015 1436 198669
1015 1459 230535
1015 1469 2430
1015 1479 796
1015 1482 289
1015 1484 732
1015 1514 58044
1015 1533 3
1015 1565 5783
1015 1576 2856
1015 1578 49399
1015 1591 685
1015 1641 4373
1015 1701 125
1015 1703 303
1015 1704 194
1015 1705 60596
1015 1821 2813
1015 1847 342
1110 1121 352
1117 800 79
1117 975 30
1117 1121 115
1117 1612 52
1117 1834 97
1278 295 35
1278 611 107
1278 899 55
1278 1358 54
1279 355 143
1279 1461 4340
1601 163 17
1601 214 2
1601 316 189
1601 434 2
1601 1071 48
1601 1199 207
1601 1572 8
49 765 349
49 1015 527
50 70 103
50 235 53
50 364 3
50 504 2078
50 508 16
50 566 1
50 688 38
50 695 71
50 786 12
50 1039 21
50 1144 29
50 1345 5
50 1535 17
50 1556 35
70 87 18
70 226 114
70 230 84
70 235 413
70 364 8
70 504 3110
70 688 17
70 1143 106
70 1206 17
70 1216 15
70 1264 28
70 1369 2
70 1415 1
70 1445 27
70 1535 2
70 1658 2
70 1720 1
70 1721 2
235 504 1179
235 508 7
235 572 2
235 1535 8
235 1658 3
235 1741 2
364 504 186
364 1369 1
364 1721 1
364 1741 1
566 30 9
566 184 22
566 383 4
566 426 11
566 549 6
566 599 4
566 683 14
566 688 504
566 695 8
566 711 1
566 805 7
566 813 1
566 843 27
566 1039 29
566 1144 1732
566 1164 8
566 1185 88
566 1206 10
566 1216 131
566 1253 10
566 1289 3
566 1445 19
566 1450 3
566 1465 9
566 1480 15
566 1535 19
566 1556 46
566 1659 25
566 1719 5
566 1741 22
688 1535 3
695 1033 3
695 1144 2
695 1369 6
695 1556 34
786 474 1
786 805 15
786 864 28
786 1144 438
786 1216 2
786 1345 29
786 1450 6
786 1465 4
786 1480 8
786 1556 4
786 1659 56
1039 508 1
1039 1033 8
1039 1120 12
1039 1144 2
1144 813 4
1144 1185 2
1144 1556 5
1144 1659 17
1345 688 3
1345 1556 36
1345 1659 5
1345 1664 1
1535 90 16
1556 87 2
1556 508 14
1556 1185 15
1556 1480 16
1556 1535 16
51 417 214
51 684 4
132 155 819
132 175 17652
132 178 18291
132 210 565
132 250 2263
132 299 27900
132 333 4024
132 334 130
132 346 131
132 388 398
132 431 817
132 493 16716
132 505 27289
132 531 3403
132 547 26836
132 584 128
132 587 14590
132 610 14648
132 715 15336
132 718 635
132 874 1003
132 925 150
132 1028 1619
132 1066 20394
132 1355 19134
132 1371 262
132 1437 16472
132 1479 17
132 1629 147
132 1635 215
132 1663 77
208 499 36305
208 525 117829
208 708 14151
208 710 66774
208 759 3
208 765 79925
208 876 22157
208 981 40718
208 1015 207517
208 1199 1159
208 1405 1
208 1516 63
344 390 8043
344 507 128
344 608 2258
344 611 14
344 624 375
344 685 2368
344 710 2109
344 765 18
344 898 217
344 935 861
344 993 276
344 1015 474
344 1199 86
344 1352 67
344 1401 191
344 1403 532
344 1404 35
344 1425 10
344 1612 133
344 1663 50
344 1695 52
344 1751 205
370 390 7398
370 708 162
370 874 119
370 1364 348
370 1737 23
419 395 109
419 800 98
587 144 5
587 205 1
587 320 20
587 718 416
587 730 52
587 874 15818
587 898 14
587 1028 40
587 1065 44
587 1066 110
587 1067 84478
587 1184 10
587 1258 57
587 1469 6
587 1479 96
624 205 64
624 382 213
624 388 180
624 710 111398
624 876 91302
624 981 5017
624 1015 142774
624 1199 18973
624 1404 644
631 765 124148
631 1015 95790
811 214 148
811 390 117
811 901 321
811 981 132
811 1015 128507
811 1071 52
811 1199 312
811 1251 764
811 1404 35
811 1461 18
935 1323 68
935 1403 53
935 1404 68
935 1477 9
935 1578 140
935 1643 4
987 28 54
987 255 85
987 299 46
987 372 4
987 380 38
987 390 21
987 431 139
987 488 46
987 617 55
987 726 64
987 993 540
987 1067 13
987 1071 174
987 1100 26
987 1108 58
987 1175 15
987 1184 17
987 1199 137585
987 1251 60618
987 1254 3
987 1263 47
987 1425 103
987 1516 18
987 1610 8
987 1644 19
987 1663 356
1360 1053 126
1360 1358 33
1401 1404 617
1401 1436 55060
1403 1251 58
1403 1404 415
1410 214 27
1410 255 31
1410 289 33
1410 292 13
1410 333 148
1410 343 25
1410 495 4
1410 634 45
1410 690 1
1410 988 2
1410 993 197
1410 1405 12
1410 1425 155
1410 1434 19650
1410 1436 148
1410 1437 3
1410 1548 88
1410 1572 99
1410 1595 156
1410 1610 166
1410 1612 25
1410 1616 70
1410 1625 55
1410 1627 183
1410 1644 23
1410 1663 270
1410 1801 4
1410 1819 26
1410 1836 24
1429 223 3
1429 295 6
1429 355 179
1429 876 70
1429 1200 3
1429 1404 52
1429 1461 180916
1437 29 42
1437 125 1
1437 381 6
1437 495 20
1437 559 1
1437 690 3
1437 971 1
1437 1425 6
1437 1484 2
1437 1663 259
1578 993 20
52 1432 120
54 150 3
54 684 7
150 458 1
150 684 16
150 1788 4
55 734 90
55 777 923
55 876 173
734 917 87
734 946 48
734 988 39
734 1010 79
734 1015 40
734 1020 39
734 1071 106
734 1175 153
734 1358 46
734 1595 48
734 1610 41
734 1784 39
777 977 387
777 988 369
777 1010 516
777 1015 386
777 1021 22
777 1053 429
777 1175 1366
777 1254 129
777 1352 50
777 1358 368
777 1572 35
777 1610 169
777 1616 210
777 1784 374
56 684 6
57 774 1660
57 785 2
57 1454 13
57 1587 3
774 482 17
774 785 1356
774 1442 6030
774 1587 604
774 1735 2878
774 1761 3756
774 1808 40
774 1829 173
1454 675 5
1454 1587 2
58 765 15739
58 1161 17
216 233 7
216 239 132
216 1250 1
216 1644 3
216 1836 122
604 125 6
604 617 1
604 618 7
604 622 212
604 666 159
604 690 3
604 730 2
604 898 215
604 917 8
604 987 16
604 1015 6642
604 1160 2
604 1175 137
604 1184 67
604 1437 4
604 1566 111
604 1595 68
604 1644 168
604 1663 40
604 1751 1
1003 257 18
1003 310 110
1003 708 114
1003 726 2
1003 917 31
1003 987 5
1003 1425 63
1003 1437 9
1003 1610 132
1003 1644 13
1003 1663 8
1138 144 9
1138 233 4
1138 245 167
1138 993 3
1138 1170 5
1138 1199 303251
1138 1239 64071
1138 1254 8
1138 1377 1861
1138 1402 2734
1138 1404 983
1138 1432 153374
1138 1436 338837
1138 1469 25414
1138 1498 139205
1449 81 287
1449 257 4
1449 495 23
1449 617 18
1449 887 2
1449 1021 15
1449 1184 7
1449 1251 121
1449 1373 17
1449 1460 57
1449 1616 4
1449 1643 12
1449 1751 3
1751 28 6
1751 210 22
1751 214 9
1751 292 35
1751 431 41
1751 547 11
1751 548 12
1751 971 9
1751 1003 160
1751 1042 15
1751 1080 15
1751 1160 2
1751 1188 130
1751 1243 19
1751 1373 19
1751 1404 126
1751 1479 98
1751 1496 40
1751 1548 14
1751 1628 159
1751 1629 1
1751 1819 9
1751 1822 4
1751 1836 74
61 390 13168
61 710 14453
61 876 1900
61 935 11
62 113 3700
62 205 201
62 233 31
62 564 35
62 604 62
62 622 30
62 898 104
62 980 4
62 1024 26
62 1175 33
62 1434 44
62 1516 29
62 1566 31
62 1644 26
233 255 44
233 306 154
233 316 19684
233 320 33
233 390 95413
233 876 132
564 344 42
564 604 38
564 622 39
564 898 85
564 1425 41
564 1566 137
564 1628 124
564 1644 63
622 320 3
622 682 133
622 759 135
622 898 209
622 993 14512
622 1064 19
622 1165 137
622 1263 84
622 1352 36
622 1373 7
622 1751 203
980 1024 4
980 1358 24
1024 1218 14
1566 1352 153
1566 1610 32
1566 1644 155
1566 1751 137
63 154 7
63 388 1402
63 1262 3
154 388 8688
154 484 475
154 746 5
154 880 148
154 1431 2
154 1469 75
1262 267 1
1262 978 5
64 70 48
64 87 45
64 112 238
64 226 3535
64 230 9
64 504 58
64 1143 36
64 1216 13
64 1253 71
64 1264 61
64 1415 15
112 226 2100
112 230 40
112 235 2
112 504 6
112 1143 46
112 1264 49
112 1415 6
230 504 1300
1143 1216 17
1143 1264 23
1143 1415 909
1143 1658 10
1253 30 3
1253 87 24
1253 112 1
1253 1164 1
1253 1264 144
1253 1348 2
1253 1445 14
1253 1676 19
1253 1717 19
1253 1741 134
1264 854 1
65 87 26
65 439 288
65 723 8
723 1128 3
66 90 48
66 151 1585
66 457 3
66 481 5
66 603 11
66 816 85
66 817 25
66 835 5
66 850 5
66 861 39
66 1029 5
66 1145 3
66 1189 5
66 1265 4
66 1289 13
66 1386 9
66 1543 14
66 1600 77
66 1676 9
66 1732 8
66 1742 2
151 368 2554
151 401 384
151 482 27
151 504 36
151 683 4284
151 725 9
151 805 16
151 816 2244
151 817 1667
151 826 25
151 850 3391
151 858 2619
151 859 4668
151 1029 2408
151 1047 2810
151 1101 1424
151 1129 1467
151 1145 2480
151 1185 159
151 1189 3273
151 1216 36
151 1309 834
151 1450 4
151 1480 4
151 1527 2
151 1543 274
151 1569 1
151 1600 2172
151 1607 1612
151 1608 149
151 1636 1
151 1659 6
151 1676 4736
151 1719 10
151 1741 1
151 1742 2834
151 1745 1858
151 1845 1
457 858 11
457 859 687
457 1129 5
481 504 24
481 683 125
481 805 6
481 843 755
481 850 1
481 858 2
481 859 2
481 1185 45
481 1480 79
481 1543 606
481 1608 29
481 1659 30
481 1676 51
481 1719 35
603 683 2
603 815 24
603 816 6
603 826 27
603 835 1
603 850 25
603 858 14
603 859 330
603 861 9
603 1101 3
603 1129 4
603 1189 11
603 1265 14
603 1309 116
603 1421 1
603 1607 3
603 1608 5
603 1676 1
603 1732 1
603 1742 24
603 1745 5
816 368 1
817 826 15
835 683 1
835 816 1
835 843 9
835 850 112
835 858 522
835 859 30
835 1129 18
835 1130 19
835 1608 27
835 1732 12
835 1742 106
835 1745 28
850 805 1
850 1129 6
850 1608 4
861 817 5
861 1029 11
861 1145 2
861 1189 11
861 1265 109
861 1289 4
861 1386 2
861 1421 9
861 1475 3
861 1600 25
861 1732 6
861 1742 16
1029 1480 1
1029 1543 9
1145 457 1
1145 859 1
1145 1189 11
1145 1600 2
1145 1607 5
1145 1742 58
1145 1745 36
1189 87 15
1189 1309 9
1189 1676 21
1189 1745 358
1265 87 9
1265 1029 4
1265 1309 11
1265 1600 1
1265 1607 1
1265 1732 22
1265 1742 9
1289 93 1
1289 1145 1
1289 1386 114
1289 1421 62
1289 1475 1
1289 1480 10
1289 1543 13
1289 1676 39
1289 1732 2
1386 1421 6
1386 1450 3
1386 1543 11
1386 1600 6
1386 1676 24
1600 121 2
1600 850 1
1600 1101 2
1600 1543 2
1676 368 6
1676 1029 2
1732 481 1
1732 816 4
1732 1421 1
1732 1742 16
1742 1745 1
68 673 22088
68 765 4422
68 876 255573
68 1436 68764
673 265 10
673 687 5
673 708 1196
673 710 137527
673 713 216
673 752 586822
673 765 3512
673 767 38271
673 797 173
673 809 403
673 812 236441
673 821 351
673 823 567
673 827 621677
673 841 1119
673 855 3917
673 857 93
673 874 266641
673 876 985714
673 909 819
673 910 755263
673 927 41850
673 947 557
673 955 117
673 964 5288
673 989 134
673 996 95
673 1023 73435
673 1037 76937
673 1067 65991
673 1106 7668
673 1116 117305
673 1138 891898
673 1161 83602
673 1163 157
673 1170 976845
673 1188 288
673 1199 150960
673 1239 130972
673 1242 608
673 1251 73
673 1254 182885
673 1274 3017
673 1284 21192
673 1286 7781
673 1316 109
673 1320 1223
673 1371 127
673 1402 92190
673 1426 511
673 1432 313989
673 1436 537809
673 1455 76715
673 1469 83142
673 1479 82411
673 1484 19069
673 1547 119427
673 1555 236
673 1572 4
673 1590 1814
673 1611 195
673 1613 24482
673 1681 178
673 1821 111054
673 1830 9929
673 1833 2632
673 1836 56
263 401 30
263 439 234
263 725 2
263 803 314
263 853 2732
263 1128 382
263 1270 60
263 1428 254
278 463 6
278 1130 4
278 1738 3
307 1600 2
420 921 962
420 1493 4
586 113 159
586 144 1
586 765 86323
586 1015 8530
586 1461 335
719 725 92
719 795 4
719 818 37
719 825 26
719 976 2
719 1131 4
719 1235 2
719 1306 5
719 1344 7
719 1738 2
725 853 9
725 1233 3
725 1304 90
725 1428 27
725 1733 1
793 87 10
793 725 1
793 795 46
793 818 7
793 837 31
793 839 1
793 1128 1
793 1261 17
793 1306 44
793 1733 1
795 818 7
795 825 9
795 837 96
795 1131 4
795 1235 3
795 1261 17
795 1304 6
795 1306 62
795 1651 2
802 804 22
802 826 3
802 1344 9
804 795 13
804 818 2
804 826 68
815 816 5
815 835 204
815 843 9
815 850 24
815 858 193
815 859 89
815 1129 8
815 1130 2
815 1145 19
815 1189 27
815 1265 15
815 1309 20
815 1600 3
815 1607 19
815 1732 11
815 1741 1
815 1742 129
815 1745 1
818 792 6
818 813 3
818 825 15
818 837 8
818 1131 16
818 1261 4
818 1304 1
818 1306 9
818 1309 2
822 151 1
822 825 9
822 1608 64
822 1633 8
822 1676 1
822 1727 1
825 1130 5
825 1131 17
825 1235 12
825 1306 8
837 401 1
837 463 2
837 1261 7
837 1306 46
853 504 6
853 1128 3
853 1270 2
853 1428 42
921 1344 347
1131 1235 16
1131 1304 34
1131 1306 1
1235 837 3
1235 1304 16
1270 1128 5
1428 1488 15
1682 482 1
1733 1306 1
1369 787 3
1369 1039 1
1369 1144 2
1369 1535 4
1369 1556 7
1658 1689 4
1720 787 8
1721 563 3
71 1003 114
72 1779 7
1779 40 8
1779 488 12
1779 1397 3
1779 1402 4
105 691 3
126 116 25
126 299 47
126 320 1
126 684 1
236 28 65
236 133 6
236 320 2
292 214 1
292 310 33
292 316 73169
292 320 27
292 402 7
292 431 78
292 434 8394
292 684 2
292 708 31072
292 901 15913
292 1015 193
292 1021 28
292 1067 36
292 1175 63
292 1425 8
292 1437 7
758 31 74
758 59 59
758 116 2
758 125 17
758 144 20
758 163 7
758 239 41
758 257 4
758 289 7
758 292 1
758 355 2
758 431 3
758 609 13
758 611 46
758 726 21
758 765 70
758 874 892
758 876 102
758 898 18
758 901 12
758 977 51
758 981 28479
758 988 39757
758 993 43214
758 1015 63
758 1021 32
758 1028 15
758 1067 22
758 1071 42
758 1175 339
758 1184 6
758 1199 64
758 1254 675
758 1371 19
758 1390 4
758 1425 84
758 1432 159
758 1436 10
758 1437 4
758 1469 65
758 1516 101
758 1644 21
971 168 16
971 236 54
971 355 11
971 380 2
971 431 126
971 495 8
971 617 1
971 708 29
971 715 127
971 917 9
971 988 2
971 993 119
971 1065 5
971 1067 10499
971 1199 30059
971 1663 364
1026 28 9
1026 116 5
1026 122 9
1026 144 62
1026 295 53
1026 310 40
1026 382 172
1026 434 53
1026 499 545
1026 538 12
1026 604 80
1026 608 8
1026 611 3
1026 715 33
1026 726 3
1026 898 3
1026 987 8
1026 1028 13
1026 1042 3
1026 1160 15
1026 1175 1
1026 1184 16
1026 1245 2461
1026 1352 44
1026 1375 34
1026 1404 45
1026 1425 8
1026 1627 23
1026 1644 3
1026 1663 376
1160 374 1
1160 617 5
1160 726 44
1160 1021 8
1160 1200 7
1160 1276 1
1160 1425 24
1160 1437 31
1160 1503 2
1160 1644 3
1160 1699 4
1276 28 7
1276 51 2
1276 59 4
1276 214 6
1276 501 9
1276 715 101
1276 758 48
1276 987 96
1276 1003 63
1276 1028 12
1276 1175 24
1276 1184 25
1276 1358 139
1276 1425 52
1276 1516 1040
1276 1643 47
1276 1644 2
1276 1663 174
1389 178 7
1389 205 3
1389 236 4
1389 320 8
1389 505 1
1389 533 10
1389 587 18
1389 730 5
1389 1373 1
1389 1644 3
1389 1836 3
1630 125 11
1630 144 6
1630 205 9
1630 236 16
1630 238 10
1630 299 14
1630 310 28
1630 380 3
1630 488 3
1630 505 4
1630 609 1
1630 612 28
1630 690 13
1630 710 24
1630 730 46
1630 758 10
1630 1184 6
1630 1327 21
1630 1389 15
1630 1629 14
1630 1644 6
1630 1836 33
1781 245 46
1781 525 84
1781 765 41
1781 1375 65
1788 231 6
505 116 5
505 210 4
505 310 9
505 316 24
505 874 19308
505 876 12812
505 1090 152
505 1175 72
505 1254 135
505 1469 26641
505 1629 135
693 172 64
693 715 27
693 1784 20
78 388 6722
79 1239 61
79 1296 6
79 1432 28983
875 38 7
875 178 82
875 506 139
875 730 124
875 879 18
875 1046 115
875 1053 326
875 1263 546
875 1364 537
875 1416 30
875 1628 57
875 1643 60
875 1681 90
82 499 49944
84 113 654
84 214 19
84 433 11487
84 434 1706
84 765 76243
84 1199 55847
85 113 165046
85 214 104965
85 355 259
85 388 4104
85 390 44783
85 434 302181
85 499 142959
85 708 138492
85 710 143559
85 765 251188
85 876 107510
85 981 39859
85 993 61646
85 1015 1092
85 1067 224955
85 1188 1
85 1199 126330
85 1239 56119
85 1251 41457
85 1432 103706
85 1436 107099
86 734 79
86 777 375
86 1077 36
93 504 7
93 805 32
93 817 8
93 843 1
93 850 1
93 1029 1
93 1450 20
115 439 6
173 504 8
241 1056 2054
241 1642 1
371 464 5
444 1185 160
446 235 2
446 293 2
446 504 712
474 599 74
474 813 185
474 848 9
474 1185 1597
474 1446 5
474 1465 148
474 1480 12
474 1592 8
474 1659 250
474 1717 9
474 1719 18
474 1731 44
542 135 1
542 163 5
542 684 2
542 708 320311
542 710 167006
542 765 327858
542 874 25802
542 876 161786
542 981 82789
542 1015 101596
542 1067 893
542 1199 379528
542 1251 179780
542 1254 5109
542 1263 765
542 1352 241
542 1402 3272
542 1432 68835
542 1436 267163
542 1524 5
542 1572 2
552 627 32898
552 673 3440
595 1094 67
595 1099 15
595 1535 3
812 388 5
812 874 518
812 1199 2941
812 1432 28993
812 1436 71902
812 1498 11754
829 15 1
829 835 9
829 843 352
829 850 1
829 1029 20
829 1047 157
829 1129 1
829 1185 5
829 1289 45
829 1386 43
829 1421 74
829 1480 51
829 1543 48
829 1659 97
829 1676 29
829 1719 109
846 619 4
846 856 599
846 862 17
846 902 93
846 1075 266
846 1299 1826
846 1432 60441
846 1454 3953
846 1567 2
846 1723 10
846 1735 1786
846 1746 8
848 813 3
848 1527 4
859 401 20
948 1185 7
948 1216 179
948 1253 2
948 1606 6
976 69 2
976 173 8
976 235 1
976 481 2
976 508 22
976 566 5
976 644 6
976 688 23
976 786 9
976 950 7
976 1039 16
976 1047 10
976 1120 320
976 1144 9
976 1191 3
976 1216 1
976 1345 14
976 1353 3
976 1382 27
976 1421 5
976 1450 27
976 1475 4
976 1504 4
976 1535 30
976 1536 2
976 1569 165
976 1596 78
976 1659 20
976 1676 35
976 1741 1
1101 1129 5
1101 1309 3
1116 1498 22128
1120 151 1
1120 1056 3
1120 1382 21
1120 1556 12
1120 1569 4
1128 1428 8
1170 214 23
1170 245 13
1170 765 1234
1170 898 206
1170 1199 32110
1170 1239 126698
1170 1254 86871
1170 1402 27518
1170 1432 163527
1170 1436 180697
1170 1455 16532
1170 1469 9950
1170 1479 35663
1170 1484 13671
1170 1772 910
1170 1821 86236
1170 1830 14258
1185 482 26
1185 1173 12
1185 1206 5
1185 1216 2462
1185 1322 92
1185 1445 3
1185 1454 4
1185 1527 3143
1185 1606 183
1185 1728 8
1185 1821 117
1223 313 5
1223 448 5
1223 1371 75
1223 1402 225
1227 482 6
1227 805 4
1227 843 16
1227 1535 65
1227 1621 4
1227 1683 16
1227 1720 15
1242 1251 1055
1242 1263 210
1242 1432 53423
1242 1436 182311
1299 1075 10
1299 1432 3218
1299 1723 5
1299 1735 345
1309 817 4
1353 1216 1
1353 1475 8
1382 1144 1
1382 1475 8
1450 850 2
1450 859 1
1450 1569 2
1450 1728 2
1465 1144 1
1465 1445 1
1465 1446 2
1465 1480 1
1465 1659 856
1465 1676 6
1465 1719 3
1465 1731 23
1475 804 2
1475 1504 28
1488 69 18
1488 401 1
1488 439 15
1488 1513 147
1527 184 17
1527 813 8
1527 1206 19
1527 1216 19
1527 1741 19
1573 268 2
1596 151 2
1659 93 1
1659 508 32
1659 688 2
1659 1029 1
1659 1206 3
1659 1676 24
1659 1717 15
1659 1719 891
1659 1731 123
1715 69 7
1715 792 2
1715 793 3
1715 795 1
1715 825 6
1715 837 3
1715 1261 4
1717 1606 2
1772 74 10
1772 205 36
1772 238 43
1772 239 11
1772 333 168
1772 370 142
1772 505 4
1772 509 59
1772 917 3
1772 993 20
1772 1046 1
1772 1161 52
1772 1184 22
1772 1263 17
1772 1612 13
1818 504 9
88 148 31
88 245 30
88 1015 37
88 1352 66
88 1373 27
88 1595 61
88 1784 33
148 222 1
148 876 171
148 1254 40
296 307 22
296 646 1
296 817 6
296 834 3
296 861 4
296 1029 3
296 1353 3
296 1386 2
296 1475 14
296 1504 19
556 817 1
556 1120 1
556 1600 8
646 87 10
646 805 72
646 816 1
646 817 15
646 843 4
646 950 1
646 976 69
646 1144 11
646 1289 2
646 1386 6
646 1450 55
646 1475 4
646 1504 1
834 151 4
950 1504 3
1671 9 2
1671 296 1
1671 1475 14
91 1220 1
95 708 4293
95 779 2
97 180 1
97 239 3
97 876 2
97 1821 6
97 1830 1
97 1836 4
180 225 2
180 239 4
180 442 3
180 499 2
180 535 39
180 708 5
180 876 13
180 1015 5
180 1108 5
180 1175 32
180 1222 3
180 1307 6
180 1572 11
180 1804 4
1617 874 2
99 1794 3
100 302 16
100 434 8607
100 533 7
302 434 14279
302 533 13
101 673 1456
101 876 12350
103 230 13
103 235 2
103 272 4
103 301 2
103 364 4
103 504 1565
103 508 9
103 563 244
103 695 1
103 742 5
103 1683 186
103 1720 7
272 504 15
272 742 2
301 272 1
301 504 484
301 563 286
301 1683 2
301 1720 2
563 235 5
563 293 2
563 446 2
563 742 28
563 787 62
563 1039 17
563 1369 3
563 1535 43
563 1683 417
563 1719 2
563 1720 87
563 1797 13
1683 742 18
1683 1720 29
104 163 4
104 214 6
104 310 168
104 434 155
104 499 122683
104 765 29102
104 898 4
104 1199 71321
104 1230 4
163 28 81
163 116 24
163 214 393
163 320 47
163 876 3
163 1337 10
106 525 675
106 1015 14
106 1137 72
106 1230 11128
107 876 15019
107 1469 3762
757 98 3
757 205 22
757 352 6
757 499 394
757 506 2
757 759 32
757 876 4018
757 1015 13
757 1065 47
757 1067 8824
757 1175 37
757 1199 44566
757 1251 73
757 1254 50
757 1371 28
757 1402 431
757 1432 66
757 1436 113
757 1455 44
757 1469 78728
757 1484 213
757 1627 51
757 1772 1
757 1821 1
757 1830 4
109 1239 1381
109 1407 2
109 1821 2
111 113 30863
111 144 211
111 148 4
111 214 5
111 499 28519
111 765 73663
111 1015 6
111 1199 820
111 1251 23465
111 1436 55
111 1572 13
111 1612 381
118 214 52762
118 876 307
141 214 3564
141 316 179
141 434 192
141 499 49995
141 525 33
141 708 1246
141 765 141411
141 876 110
141 1015 7323
141 1067 57
141 1199 6658
141 1251 35583
141 1432 26
141 1461 1868
141 1469 347
143 214 49483
161 214 581
161 316 5088
161 390 1145
161 765 93673
161 1015 101162
161 1251 6071
161 1254 10
161 1390 83
186 205 801
186 333 93
186 388 14060
186 431 2466
186 608 1304
186 682 3596
186 730 264
186 981 3602
186 988 892
186 1021 4396
186 1449 715
188 214 137
188 245 108
188 316 142
188 355 161
188 434 80
188 708 39
188 765 58
188 901 46
188 988 84
188 1021 39
188 1472 2
203 28 1
203 77 41
203 168 26
203 255 2
203 257 5
203 295 7
203 310 46
203 352 137
203 380 8
203 390 14592
203 402 1
203 431 38
203 434 27586
203 475 2
203 488 12
203 501 10
203 505 109
203 547 110
203 611 16
203 618 16
203 690 3
203 726 43
203 759 464
203 898 1
203 971 2
203 981 19480
203 1042 12
203 1067 9836
203 1071 137
203 1100 2
203 1175 4
203 1184 103
203 1199 39119
203 1437 32
212 434 3209
212 499 110376
212 765 47962
212 1199 37583
213 499 4046
213 710 9870
213 765 1236
213 1015 89
225 434 141
225 708 60680
225 765 143304
225 874 373
225 876 1791
225 1015 463
225 1199 100130
225 1251 33941
225 1432 5
225 1436 3256
227 1015 7017
249 316 7584
249 390 27665
249 876 975
249 1015 62790
249 1067 130
250 205 5
250 214 129
250 245 27
250 402 2
250 431 98
250 434 1897
250 505 220
250 524 118
250 708 147
250 759 2
250 874 13590
250 876 2312
250 901 19
250 977 2
250 981 107
250 1021 16
250 1175 1
250 1254 4
250 1432 36824
250 1436 8288
250 1469 72095
250 1484 41
256 163 5
256 765 158698
261 390 7146
261 499 666
261 710 40597
261 765 15693
261 901 242
261 981 1450
261 1015 338124
261 1251 117
261 1352 46
261 1461 28813
265 163 213
265 233 2
265 310 22
265 316 42292
265 355 55761
265 390 59414
265 434 72593
265 499 179651
265 708 230960
265 710 131212
265 765 582100
265 874 9076
265 876 251278
265 981 696
265 1015 196690
265 1067 46767
265 1071 802
265 1199 169337
265 1251 109687
265 1263 23069
265 1432 59253
265 1436 133132
265 1469 53684
284 1516 4855
286 544 8
289 125 1
289 316 63928
289 390 11997
289 1254 79
312 334 192
312 342 50
312 388 34
312 390 32808
312 431 34
312 925 156
312 977 257
312 981 52
312 1067 42
312 1175 369
312 1432 97
312 1460 1
335 434 148
335 499 125284
335 708 68545
335 765 28394
335 981 10
335 1015 506
335 1199 70581
335 1436 62
353 388 33
353 499 2701
353 876 153
353 1015 117341
353 1461 791
372 205 32
372 388 9872
372 390 47321
372 434 2553
372 993 930
372 1021 1251
372 1067 8709
372 1199 6401
372 1484 6
387 499 90687
387 708 2864
387 765 55760
387 1199 86030
395 257 1
395 507 8
395 525 148
395 550 137
395 758 41
395 1540 138
435 163 8
435 355 108
435 499 88121
435 710 473
435 765 236734
435 876 113
435 981 40103
435 1067 65
435 1199 128933
435 1251 48679
435 1434 271
438 163 2
438 499 65048
438 765 47363
438 874 82
438 876 17678
438 981 442
438 1015 79148
438 1199 53064
438 1352 327
438 1390 44503
438 1436 12073
438 1612 119
443 708 67381
443 710 85830
443 765 228246
443 876 97174
443 1199 2720
443 1436 105510
461 148 4
461 214 12
461 876 8523
495 133 16
495 233 24
495 320 68
495 324 40
495 451 15
495 475 5
495 488 6
495 690 1
495 708 93
495 718 64
495 730 67
495 988 15
495 993 9655
495 1100 5
495 1184 6
495 1199 46675
495 1390 149
495 1663 392
498 59 49
498 142 2
498 214 1
498 380 1
498 608 1
498 691 4
498 708 160
498 726 44
498 758 41
498 901 4
498 1358 2
498 1425 38
498 1503 1
498 1595 2
498 1644 2
501 28 16
501 74 63
501 255 69
501 525 13876
501 618 67
501 708 112
501 726 75
501 759 69
501 981 20767
501 1484 6
502 499 212
502 708 49129
502 710 50447
502 765 76413
502 876 6759
502 1015 276369
502 1199 170
502 1432 6
502 1436 388
502 1572 2
509 205 19
509 316 17
509 525 15
509 547 1
509 718 117
509 759 16
509 874 14143
509 1066 95
509 1417 7
509 1432 40815
509 1436 35
509 1469 56915
509 1629 79
511 708 65227
511 765 280854
511 876 37718
511 981 844
511 1015 69707
511 1071 44
511 1199 108195
511 1251 82188
511 1263 283
511 1402 34
511 1432 433
511 1436 197
512 1015 629
512 1461 15791
526 205 9
526 245 1
526 289 1
526 344 28
526 608 6
538 168 12
538 205 1
538 214 85
538 765 5943
538 901 62
538 917 1
538 1015 53526
538 1230 331
538 1425 2
538 1566 34
547 28 2
547 74 2
547 122 1
547 144 1
547 360 3
547 505 38
547 609 8
547 708 1129
547 718 433
547 730 168
547 874 30842
547 876 14619
547 1090 147
547 1175 79
547 1254 756
547 1469 16
547 1629 3
578 31 10
578 245 2
578 710 104577
578 765 4611
578 874 20950
578 876 359567
578 981 867
578 988 1552
578 1021 6
578 1161 98037
578 1188 6421
578 1199 41549
578 1251 40
578 1254 82900
578 1436 22784
578 1455 57278
578 1469 17767
578 1479 23756
578 1484 10
578 1516 112
578 1629 46
590 434 88
593 708 15547
593 710 67326
593 765 64821
593 981 284
593 1015 150966
593 1071 767
593 1199 30
593 1251 1378
593 1436 62
614 708 56883
614 710 50603
614 765 252415
614 874 590
614 876 21236
614 981 70316
614 1015 361107
614 1199 65233
614 1436 1082
614 1572 2
625 710 1243
625 1015 130
625 1161 7
625 1175 6
625 1469 1073
647 205 23
647 584 1
647 710 11813
647 715 4
647 901 731
647 1021 8
647 1067 5277
647 1199 16217
647 1251 54
647 1303 1
647 1352 35
647 1469 1635
647 1601 1
654 708 8
654 1036 4
654 1251 42
654 1405 1
654 1610 6
664 310 215
664 673 464
664 708 1885
664 710 799
664 765 236688
664 876 237120
664 1199 100437
664 1432 2344
664 1436 396203
664 1469 1217
714 87 9
714 765 276692
714 874 30745
714 876 442569
714 901 948
714 1161 9
714 1199 148963
714 1239 2886
714 1432 109244
714 1436 252722
714 1498 113099
749 499 48
749 765 166052
749 1199 77879
749 1436 453
773 981 606
900 168 7
900 244 133
900 289 45
900 334 11
900 559 2
900 993 31501
900 1003 126
900 1046 344
900 1053 140
900 1449 22
900 1540 135
900 1627 5
907 977 212
907 981 337125
907 1071 254
907 1434 52998
907 1436 313
907 1612 55923
909 163 9
909 505 10
909 731 1
909 757 2
909 981 601
909 1015 390351
909 1067 63859
909 1071 1416
909 1199 554245
909 1239 1549
909 1251 173918
909 1254 77862
909 1352 51972
909 1402 1870
909 1432 85846
909 1436 417178
909 1469 1620
909 1612 1516
913 388 60
913 981 428
913 1015 266621
913 1436 18101
913 1469 1023
913 1612 7
915 168 5
915 1010 172
915 1015 41088
915 1100 3
915 1199 1955
915 1352 4
929 1199 37
952 233 2
952 618 2
952 1572 8
958 451 1
958 1018 153
958 1425 49
962 355 149
962 981 1081
962 1015 186504
962 1199 77593
962 1251 77833
962 1432 32
962 1436 222
962 1461 28333
962 1572 2
965 144 10
965 981 179927
965 1071 750
965 1199 50510
965 1251 83258
965 1434 65898
965 1612 2075
966 1015 59619
991 747 99
991 1160 5
1000 876 113
1000 1015 156478
1000 1404 182
1022 1199 11143
1022 1255 1
1032 289 9
1032 898 4
1032 906 121
1032 1352 41
1032 1371 122
1032 1455 133
1032 1595 74
1032 1644 3
1037 1436 128504
1074 316 13
1074 333 44
1074 708 27
1074 981 4
1074 1188 8
1074 1199 7495
1074 1469 5226
1074 1836 6
1080 333 17
1080 380 23
1080 715 23
1080 988 45
1080 1071 13
1080 1184 21
1080 1199 11040
1080 1254 48
1080 1358 8
1080 1402 24
1080 1404 5364
1080 1425 31
1080 1469 39
1081 434 164
1081 1199 164951
1081 1251 72831
1081 1263 270
1081 1390 1010
1081 1436 96006
1081 1469 202
1093 163 2
1093 214 11
1093 1251 3
1093 1436 342
1111 214 7
1111 505 2
1111 876 233
1111 1015 11
1111 1389 7
1111 1572 10
1112 1434 4037
1218 1434 15544
1226 901 309
1226 1200 159
1226 1358 73
1226 1434 323
1226 1461 7260
1243 28 9
1243 122 43
1243 233 2
1243 255 1
1243 310 9
1243 559 3
1243 690 45
1243 898 7
1243 917 8
1243 1425 27
1243 1437 5
1243 1644 38
1243 1819 1
1250 295 24
1250 390 480
1250 608 3
1250 652 35
1250 710 148
1250 871 105
1250 1026 86
1250 1184 20
1250 1251 40343
1250 1276 44
1250 1301 130
1250 1319 86
1250 1358 4
1250 1404 302
1250 1405 141
1250 1595 98
1250 1627 9
1250 1699 44
1250 1809 2
1255 299 66
1255 715 28
1255 730 47
1255 759 35
1255 963 11
1255 988 2
1255 1021 37
1255 1028 16
1255 1046 8
1255 1254 98
1255 1257 22294
1255 1352 47
1255 1375 7
1255 1499 35
1255 1539 3
1255 1616 9
1255 1627 41
1255 1663 323
1255 1794 99
1255 1822 4
1255 1827 3
1255 1836 51
1280 40 20
1280 51 20
1280 1461 7326
1292 163 2
1292 525 462
1292 1612 249
1307 527 5
1307 684 44
1307 1404 73
1307 1416 29
1307 1836 106
1311 1461 50779
1315 981 264
1315 1276 3
1315 1434 170
1315 1516 10512
1420 726 5
1420 1572 3
1451 1461 74
1487 28 5
1487 388 16
1487 402 3
1487 1425 3
1487 1572 10
1519 316 5
1519 618 1
1519 759 8
1519 1307 5
1519 1572 7
1519 1612 270
1521 876 10
1521 981 631
1521 1479 10
1521 1700 154
1522 92 1
1522 143 4
1522 295 2
1522 726 3
1522 759 3
1522 1230 2
1522 1251 384
1522 1308 48
1522 1352 193
1522 1405 72
1522 1462 155
1522 1612 136
1522 1700 3961
1524 214 49
1524 310 18
1524 544 46
1524 708 54
1524 901 52
1524 1254 87
1524 1455 47
1524 1630 47
1524 1772 44
1524 1830 47
1533 874 98
1539 320 22
1539 501 6
1539 533 5
1539 559 4
1539 765 50
1539 898 4
1539 901 100
1539 925 84
1539 971 31
1539 988 22
1539 1065 11
1539 1175 29
1539 1389 12
1539 1404 2
1539 1405 28
1539 1410 2
1539 1630 9
1539 1663 37
1539 1836 1
1542 726 9
1542 1521 3
1655 74 11
1655 1461 46
1670 525 4
1670 1516 71
1678 214 198
1678 874 167
1734 1301 100
1782 355 32
1782 612 2
1782 1175 14
1782 1352 3
1798 333 44
1798 378 44
1798 559 11
1798 612 4
1798 726 2
1798 939 1
1798 1015 2
1798 1028 5
1798 1067 54
1798 1200 3
1798 1201 2
1798 1255 6
1798 1405 23
1798 1410 12
1798 1425 21
1798 1524 44
1798 1630 1
1835 168 1
114 151 1886
114 457 12
114 481 2
114 603 6
114 815 13
114 816 16
114 817 4
114 835 1
114 850 37
114 861 40
114 1145 27
114 1189 13
114 1265 28
114 1600 2
114 1608 6
114 1732 10
114 1742 9
114 1745 3
1745 69 1
1745 843 2
1745 858 4
1745 1047 15
1745 1101 2
1745 1309 7
1338 168 14
1338 178 135
1338 214 135
1338 352 41
1338 382 125
1338 431 10
1338 499 110
1338 525 29
1338 584 41
1338 587 3
1338 668 12
1338 710 4
1338 981 144
1338 999 100
1338 1251 101
1338 1255 5
1338 1389 4
1338 1404 40
1338 1407 10
1338 1436 27
1338 1469 25462
1338 1479 3
1338 1516 1
1338 1567 79
1338 1612 61
1338 1629 122
1338 1644 12
1338 1751 7
1338 1821 1
1338 1836 8
1416 125 6
1416 168 123
1416 255 35
1416 360 4
1416 382 92
1416 971 7
1416 987 42
1416 1263 2
1416 1461 159
1416 1566 50
1416 1612 539
1416 1628 29
1416 1784 124
1526 205 16
1526 609 1
1822 434 3
1822 533 8
1822 612 26
1822 684 7
1822 715 7
1822 917 1
1822 988 39
1822 1028 7
1822 1184 15
1822 1437 26
1822 1496 1
1822 1627 2
119 163 4
119 166 20
119 214 4080
119 1609 4
166 214 11008
166 684 13
166 1518 2
1609 155 1
1609 618 2
1609 876 10
120 765 77887
120 1199 88226
1047 504 10
1047 816 1
1047 850 3
1047 1543 85
1047 1659 22
1047 1676 43
1047 1719 3
1421 859 3
1421 1145 4
1421 1309 5
1421 1475 1
1421 1543 35
1421 1676 154
1421 1745 3
1480 87 31
1480 1129 1
1480 1527 11
1480 1543 9
1719 87 8
1719 742 2
1719 805 1
1719 813 9
1719 1129 2
1719 1731 15
264 505 107
264 1455 112
264 1469 5470
264 1479 107
324 310 9
324 1065 33
324 1067 2932
324 1199 18183
324 1515 20
668 355 24
668 390 19
668 609 19
668 765 34
668 876 114
668 902 21
668 977 30
668 999 19
668 1067 21016
668 1175 28
668 1188 19
668 1296 3
668 1319 14
668 1352 29
668 1404 9
668 1432 14914
668 1455 75
668 1469 37101
668 1516 37
668 1836 5
1020 113 57
1020 461 7
1020 499 18
1020 710 63
1020 1021 57
1020 1067 160
1020 1251 4
1020 1257 54
1020 1263 8
1020 1307 103
1020 1432 116
1400 682 4
1400 1407 1
1400 1629 6
1496 40 101
1496 1516 99
1496 1663 477
1567 611 164
1567 668 61
1567 726 64
1567 1072 80
1625 238 93
1625 306 28
1625 684 2
1625 881 1
1625 1425 33
1736 355 70
1736 758 79
1842 874 35
190 48 31
190 708 2310
1268 238 1
1268 321 3
1268 917 6
1268 1021 1
1268 1028 2
1268 1263 5
1802 133 40
1802 168 15
1802 299 2
1802 389 36
1802 765 31
1802 871 1
1802 917 18
1802 993 3
1802 1627 7
1802 1630 3
939 125 47
939 360 44
939 380 10
939 402 3
939 587 1
939 684 31
939 690 109
939 1021 18
939 1046 1
939 1065 17
939 1067 45693
939 1199 45186
939 1338 1
939 1405 2
939 1548 2
939 1627 8
939 1630 19
939 1644 95
127 525 28
127 726 3
127 1461 5444
128 525 12737
128 708 33
128 765 3264
128 876 3
128 1015 711
129 1836 5
130 239 13
178 205 183
178 210 2
178 299 23
178 310 27
178 320 10
178 380 1
178 390 10
178 402 5
178 431 43
178 434 121
178 505 59
178 609 6
178 718 1095
178 874 27371
178 1469 9636
346 993 67
531 718 1135
531 874 29753
531 1066 123
531 1469 126
550 873 152
550 902 299
550 1629 1
610 427 30
610 554 7
610 718 126
610 874 15201
999 31 25
999 175 56
999 977 13
999 1175 33
999 1239 64748
999 1349 48
999 1351 54
999 1371 60
999 1432 37948
999 1436 68345
999 1469 29136
999 1479 1
999 1484 52
999 1644 101
1066 299 6
1066 320 28
1351 31 2
1351 122 2
1351 508 101
1351 1175 12
1351 1296 79
1351 1371 139
1351 1407 13
1351 1412 8
1351 1432 50245
1351 1436 29303
1351 1437 2
1351 1455 2
1351 1469 28558
1351 1479 27
1355 1371 258
1355 1434 20060
1355 1663 276
1355 1803 18
1681 200 79
1681 390 45
1681 988 43
1681 1010 72
1681 1067 8
1681 1278 135
1681 1436 39
1681 1772 261
1681 1775 75
1681 1798 2608
134 1015 234
134 1461 148
135 942 161
942 172 142
942 1021 47
136 380 32
137 708 10553
137 710 335
138 525 23563
138 708 345
138 765 4705
138 876 1
138 1015 39209
139 1660 1
1660 289 1
140 192 6
140 1244 17
192 422 46696
192 432 10
192 576 26349
192 874 2
192 1097 4
192 1244 19
192 1417 5
192 1430 10
1244 867 210
1244 1254 3912
1244 1436 2
1244 1494 4
1244 1629 4
1244 1674 1129
1244 1687 1
142 239 3
142 682 3
142 684 9
142 708 11
142 1697 2
142 1836 7
943 148 7
943 684 3
943 731 1
943 1015 3
943 1436 4
943 1572 40
147 155 14
222 47 9
881 188 6
881 214 2
881 1015 11
881 1230 6
881 1436 6
881 1521 7
149 113 5
458 684 3
458 1572 3
368 90 1
464 1536 2
858 816 12
1569 90 3
1569 504 2
1569 805 2
1607 121 1
1607 688 1
1607 1676 9
1607 1745 192
1633 804 1
153 306 26
153 310 2748
153 436 4
153 523 1
153 768 138
153 1358 30
436 523 238
436 768 4
523 768 1
746 370 9
880 1469 59
1431 267 1
1431 370 6
1431 581 1
1431 1448 13
313 1823 4
465 454 88
465 1681 287
491 313 4
491 1215 236
543 1147 6
543 1215 334
543 1328 9
543 1823 3
543 1833 6
934 1328 4
1187 1239 3002
1328 1387 2
1328 1584 1
1346 1328 1
1346 1584 4
1346 1823 6
1502 1584 29
1833 333 4
1833 1067 5
1833 1181 4
156 1436 11
1483 333 12
1483 1404 2
1483 1526 106
158 1836 5
159 499 44936
159 1434 2237
160 525 1046
160 708 274
160 765 1577
160 876 4
160 1015 2043
162 133 3
162 257 3
162 320 4
162 434 36149
162 533 2
162 684 5
162 730 25
709 28 980
709 55 30
709 701 2
709 1026 3277
709 1100 12314
709 1229 375
709 1230 1443
709 1245 4774
709 1572 4
709 1699 439
709 1784 50
709 1785 161
724 726 23
724 1021 85
724 1301 119
724 1405 132
724 1577 2
724 1595 125
724 1610 1
896 1532 297
1599 765 469
1518 1254 1
666 1836 7
692 205 26
692 255 119
692 380 31
692 617 145
692 708 1
692 747 131
692 759 80
692 981 24042
692 993 110
692 1071 119
692 1100 9667
692 1249 52
692 1257 18275
692 1425 2
692 1434 2727
692 1627 35
692 1644 132
1827 116 3
1827 125 2
1827 431 15
1827 559 2
1827 618 12
1827 871 1
1827 987 8
1827 1184 3
1827 1230 6
169 499 50498
169 1434 5846
170 69 1
171 197 1
171 1739 9780
197 691 1
680 333 62
680 1301 156
1301 245 253
1301 419 98
1301 611 209
1301 1487 195
1301 1532 331
1301 1567 93
1301 1736 105
1301 1784 36
1463 179 1491
1698 1071 96
524 874 117
524 876 7139
524 1066 115
524 1254 54165
524 1258 92
524 1291 151
524 1469 15
524 1821 8
573 122 1
573 370 34
573 581 2
573 591 5
573 746 9
573 873 20
573 1031 10
573 1338 138
573 1364 577
573 1431 2
573 1469 7088
591 87 1
591 1179 6
700 956 3
700 1179 3
700 1361 31
700 1431 3
956 573 1
956 1361 6
956 1448 1
956 1737 9
1031 370 2
1031 873 1
1031 1448 9
1179 581 2
1448 1361 8
1448 1363 7
176 525 3398
336 175 61
336 210 60
336 333 95
336 505 7
336 708 162
336 718 462
336 874 13428
336 1469 24201
336 1484 48
336 1629 10
442 1821 4
181 559 38
181 1067 21455
183 390 36564
183 710 72926
183 874 123
183 876 26532
183 981 286
183 1161 2001
183 1199 13060
183 1455 1263
183 1479 130
426 711 6
426 854 1
426 1185 23
426 1206 7
426 1216 984
426 1253 2
426 1348 41
426 1445 1
426 1446 8
426 1741 14
813 87 15
1446 87 20
1446 1480 1
1446 1527 9
1446 1592 105
1446 1659 88
1446 1717 82
1446 1719 22
1446 1731 9
187 214 399
187 388 56
187 434 3273
187 876 61017
187 1067 32
187 1199 16703
187 1432 5117
422 131 17
422 576 17
422 1244 9
576 131 19
576 461 2
576 867 17
576 874 574
576 876 436
576 1254 2
576 1674 184
1097 576 5
1419 239 26
1419 506 3
200 48 55
200 975 47
200 1516 144
201 684 6
202 214 39
202 257 118
202 299 230
202 320 66
202 382 164
202 434 138
202 684 4
202 708 53
202 1065 213
202 1067 68
202 1199 25
202 1416 94
202 1784 65
475 28 141
475 116 1
475 299 17
475 306 867
204 725 2
751 28 33
751 74 8
751 144 75
751 236 6
751 360 15
751 449 28
751 609 4
751 617 15
751 618 1
751 759 93
751 901 14428
751 1028 4
751 1067 31
751 1184 21
751 1251 42591
751 1627 18
1052 310 111
1052 898 16
1052 1065 1
1052 1067 14636
1052 1199 13886
1052 1389 3
1052 1410 8
1052 1630 116
1832 320 27
206 765 5653
206 876 129348
209 765 227
955 239 113
955 378 141
955 717 33
955 902 27
955 906 113
955 1032 111
955 1161 141
955 1317 40
955 1371 130
955 1432 22488
955 1469 27519
955 1484 15
955 1540 136
955 1629 207
955 1751 39
1105 239 1
1105 245 3
1105 320 5
1105 434 3
1105 499 37
1105 1254 52217
1105 1371 103
1105 1404 3
1105 1407 2
1105 1432 7213
1105 1436 552
1105 1455 37
1105 1484 4
1105 1629 5
1317 876 28
1317 1007 38
1317 1432 31694
1317 1455 156
1317 1821 8
1523 1323 1
1523 1436 11
1523 1821 19
596 765 886
596 874 323
596 876 457
596 981 7447
596 1067 5
596 1251 20774
596 1352 5
596 1434 20053
800 113 6
800 148 83
800 245 2
800 1067 15243
800 1413 3
800 1432 29893
800 1434 9563
800 1572 6
893 765 2
893 1363 8
893 1572 10
916 876 198
916 1251 23685
916 1263 277
967 1015 51581
1229 74 3
1229 981 144
1229 1245 887
1229 1257 14835
1229 1434 23727
1288 1327 12
1288 1472 1
1320 87 2
1320 1263 2
1320 1436 108082
1363 1219 2
1363 1572 5
1363 1857 4
1394 544 2
1422 1436 4
1422 1455 4
1422 1572 2
1693 402 6
1693 499 9
1693 1572 13
1825 116 3
1825 245 3
1825 765 33
1825 1263 13
1825 1425 2
1825 1627 5
218 718 449
218 1067 15922
220 977 72
220 1199 1592
220 1516 1145
223 239 27
223 390 19980
223 575 6
223 708 12
223 710 64364
224 499 37768
224 1434 3928
558 504 3
228 684 2
228 1572 4
228 1612 5
231 955 115
231 1071 147
232 484 707
232 1469 24703
1643 215 1
1643 1239 29
1266 1319 31
1350 1794 27
633 142 3
661 1223 4
687 607 5
687 876 5
827 214 26
827 245 3
827 499 2073
827 752 1
827 876 191792
827 910 1901
827 1023 549
827 1138 50737
827 1161 23606
827 1170 106031
827 1188 311
827 1199 9355
827 1239 3800
827 1254 47600
827 1407 8
827 1432 54592
827 1436 107565
827 1455 19922
827 1821 9391
910 1170 59362
910 1199 4829
910 1254 49268
910 1432 54899
910 1436 55682
910 1821 5005
1190 881 2
1190 1203 2
1190 1226 117
1190 1251 2
1190 1425 8
1190 1779 2
1190 1826 3
1203 1612 5
1203 1836 4
1213 317 56
1213 661 4
1213 1239 5158
1213 1404 3
1213 1432 767
1213 1436 16984
1213 1484 1
1213 1821 63
1236 708 13
1236 1269 5
1236 1724 1
1236 1836 19
1298 1473 2
1323 31 120
1323 388 141
1323 1021 23
1323 1175 81
1323 1371 115
1323 1402 118
1323 1404 68
1323 1432 162
1323 1697 1
1359 473 12
1359 684 4
1399 122 3
1399 874 2
1399 1349 5
1473 946 39
1473 1158 153
1473 1567 187
1473 1625 1
1520 477 4
1520 1407 1
1520 1821 14
1541 499 7
1541 1572 11
1551 757 2
1575 180 4
1593 214 2
1593 1427 3
1690 1303 3
1787 1296 67
1787 1419 3
1834 977 2
1834 1572 5
240 1572 4
1056 87 4
1056 780 4
1056 1382 7
1056 1466 124
1056 1642 3161
1056 1752 164
242 283 2
242 684 1
242 708 1
242 751 2
283 684 6
283 1572 1
244 378 125
244 525 140
244 622 35
244 1032 103
459 578 77
459 730 130
459 977 137
459 1516 80
459 1836 72
560 1301 88
641 525 30
641 765 4542
641 1015 198482
652 597 107
652 1434 7332
926 981 538
926 1220 4
926 1509 1
251 1402 84
253 612 5
253 617 11
253 1200 4
253 1390 6
254 684 4
321 28 10
321 144 4
321 302 4
321 390 13103
321 434 10500
321 533 1
321 730 35
321 1784 322
1256 898 11
1256 1627 138
1640 1695 130
258 87 313
258 876 47475
262 708 829
262 765 8825
803 853 15
803 1428 5
266 1185 1
266 1216 3
267 388 1716
267 746 41
1444 190 1
1444 1548 47
276 1720 8
277 78 7
277 388 6321
277 529 1
277 1312 13
529 720 253
529 874 1512
529 1188 755
529 1244 32
529 1254 850
529 1291 255
529 1494 1
280 1015 2180
281 1836 12
282 453 21
282 557 4
282 845 1
282 846 738
282 911 10
282 1075 2
282 1299 5
282 1723 3586
282 1854 1
453 1125 8
453 1287 6
453 1723 88
557 911 1
557 1723 3
845 453 3
845 846 564
845 911 2
845 1287 4
845 1305 6
845 1723 2020
845 1730 4
911 1723 76
1075 1723 3772
1723 785 2
1723 1730 137
1723 1744 96
1723 1853 24
1723 1855 358
1854 704 1
285 627 28
627 341 108
627 659 8398
627 664 8013
627 671 7141
627 673 85257
627 710 319
627 713 270
627 714 126725
627 755 249
627 809 6922
627 812 204710
627 841 1229
627 855 836
627 964 3543
627 1035 111
627 1037 85804
627 1098 136
627 1106 6267
627 1116 110141
627 1138 525850
627 1176 7931
627 1242 333
627 1274 9627
627 1316 1940
627 1320 302
627 1377 8774
627 1378 28790
627 1426 12087
627 1498 53326
627 1555 123
627 1590 10078
627 1611 646
627 1613 33708
627 1762 5910
548 310 14
548 389 6
548 1484 2
562 606 2
562 1108 6
562 1779 2
562 1833 4
562 1836 17
293 504 18
293 508 16
293 742 19
298 977 1
298 1436 23269
869 434 137
869 617 45
869 871 95
869 1065 176
869 1067 269
869 1138 4898
869 1416 120
869 1453 7027
869 1566 36
869 1784 114
889 869 123
889 900 129
889 1065 142
889 1067 149
889 1071 161
889 1100 2979
982 988 6
982 1067 13076
305 627 48
1005 1251 35
308 504 2
308 1589 5
1589 1227 3
309 333 11
309 874 6
309 876 28138
309 1239 25
309 1436 3
309 1629 1
1806 116 5
1806 402 1
1806 431 8
1806 547 1
1806 1021 136
1806 1303 12
311 504 16
311 508 34
801 934 56
801 1088 11
801 1239 2
801 1328 4
801 1346 378
801 1387 88
801 1510 5
801 1740 117
801 1758 3
801 1763 19
801 1764 170
801 1767 334
801 1771 269
801 1776 25
801 1777 23
801 1778 547
801 1780 42
801 1783 306
801 1792 323
801 1800 235
801 1814 164
801 1823 1096
801 1833 72
801 1838 24
801 1841 2
801 1844 281
801 1848 2
920 248 6
920 934 919
920 1147 23
920 1166 5
920 1215 2
920 1328 264
920 1346 2590
920 1387 762
920 1502 23
920 1584 20
920 1634 5
920 1706 7
920 1740 1832
920 1758 34
920 1763 52
920 1767 7
920 1777 2
920 1778 34
920 1783 138
920 1792 173
920 1795 4
920 1816 12
920 1823 7893
920 1833 433
920 1844 28
314 525 15113
314 708 1061
314 765 20804
314 876 2
314 1015 81044
315 401 451
315 822 1
315 1130 2
1413 125 30
1413 238 1
318 594 6
319 710 10402
319 1404 37
322 765 64622
323 1015 17927
1515 402 107
325 1015 35360
328 627 17262
329 388 2676
329 479 5
330 388 13903
330 1161 1
330 1469 14533
331 1375 1
331 1821 8
655 1126 267
655 1251 329
1167 200 47
1525 404 67
1525 1301 58
1525 1582 56
887 312 1
887 1643 1
887 1663 208
337 777 363
338 765 95
339 778 902
339 1452 701
778 1522 201
778 1700 10116
1452 1521 13514
1452 1522 10064
1452 1700 13709
340 1572 1
345 993 2
348 525 35510
348 708 508
348 765 3715
348 1015 27883
349 195 3
349 627 13058
349 673 3004
349 1015 145
349 1498 353
1498 1583 19220
350 525 100
350 765 575
350 1015 1654
351 874 160
351 876 58
359 1301 46
449 484 438
449 718 1075
449 1067 1468
449 1199 14894
449 1357 19
365 801 2
365 920 37
365 1346 2
365 1387 2
1387 1823 2
366 673 522
367 710 79
367 1015 858
369 774 8
1364 81 21
1364 336 15
1364 1469 6270
373 504 2
373 1589 42
415 734 84
415 777 532
376 1647 59
1647 964 59
377 1436 44
381 708 324
381 718 391
381 1199 33113
602 765 11880
602 1015 16594
602 1461 8496
1499 589 44
1499 1404 74
1499 1627 43
1499 1663 72
383 504 36
383 508 10
383 688 4
383 1741 1
385 388 2900
385 571 31
385 977 681
571 705 7
571 977 101
574 571 3
574 718 469
574 882 12
574 977 1082
574 981 154
574 1312 2
574 1371 221
386 1199 1387
386 1516 968
396 267 9
396 370 27
396 746 106
396 1431 136
427 157 1
427 1254 21031
447 370 12
447 880 3
480 1071 269
480 1434 6736
679 370 2
679 978 14
679 1262 32
705 1312 3
720 874 464
720 1188 206
882 385 6
882 1312 20
882 1371 96
978 1007 2
1084 163 129
1091 155 6
1091 167 2
1091 1239 140
1091 1432 1261
1169 874 99
1294 876 8
1361 175 1
1361 1737 2
1684 239 9
1684 329 7
389 684 5
1140 710 149
1381 31 33
1381 1681 68
1474 935 25
392 710 4481
392 1199 1982
397 813 8
397 848 10
397 1185 229
397 1717 25
398 113 56
398 708 15343
398 765 20692
398 1461 1
1727 725 2
731 181 10
731 239 4
731 1067 13524
404 465 124
405 708 41636
405 710 18187
405 765 95
405 1436 4
405 1572 4
410 1836 18
412 1723 35
413 708 110480
413 710 72256
413 765 97438
414 1461 16572
416 458 2
416 559 2
854 30 2
854 235 4
854 1216 2630
854 1348 229
854 1445 6
854 1728 6
854 1741 297
428 710 13176
430 1434 533
1654 48 44
490 488 2
490 728 57
490 1067 1935
728 1067 2761
728 1610 2
1514 113 147
1514 295 4
1514 708 347
440 181 3
440 505 17
440 772 47
440 1067 4925
772 181 2
772 1067 4318
448 331 3
448 1432 46521
448 1787 24
1125 1723 32
1287 1723 76
454 680 69
454 1067 88
454 1681 93
455 163 6
455 214 11
455 499 75944
455 981 3421
455 1434 250
456 733 40
733 925 52
460 708 3
462 1821 10
1536 87 4
1536 1596 2
466 726 4
466 1461 90332
467 525 1
467 765 23
467 1015 51
469 1572 5
470 1161 118
470 1469 21705
470 1836 5
472 993 1220
473 525 6351
473 1015 12938
473 1190 10
1592 87 2
1592 813 9
1592 1659 37
1592 1717 75
1592 1719 18
1592 1731 27
1592 1741 8
1731 397 7
906 1175 131
906 1371 141
906 1402 131
906 1449 126
1820 1160 78
1820 1414 65
478 619 7
478 774 294
478 1240 4
619 87 525
619 675 112
619 774 9010
619 1231 4
619 1299 4
619 1442 103
619 1454 50
1240 672 2
1240 1454 1
1240 1587 3
483 151 11
483 504 14
483 566 19
483 688 17
483 786 2
483 864 2
483 1039 7
483 1144 6
483 1345 1
864 1039 2
864 1144 46
864 1345 10
864 1465 11
864 1556 2
864 1659 1
1043 874 12
1043 1432 4
1043 1436 22800
1215 1823 6
492 148 2
492 521 10
492 1108 4
503 163 4
503 214 3
503 316 3
503 525 10
503 684 1
503 708 1
503 876 7
503 898 2
503 1230 5
503 1389 6
503 1572 26
637 1015 289
840 765 330
840 1199 21845
1210 1251 19649
1210 1352 157
1409 1572 2
1409 1836 4
1517 122 5
1517 142 15
1517 163 91
1517 765 41
1517 1389 4
1517 1572 7
1641 168 4
1641 214 240
500 619 1
500 774 29
561 976 5
662 1589 2
675 774 7349
675 1442 2039
828 87 65
1008 483 3
1008 1556 1
1008 1720 1
1033 1535 1
1033 1556 14
1033 1683 1
1033 1720 4
1205 1770 45
1664 566 1
696 710 6757
696 1199 3506
1621 563 15
1621 976 16
1621 1345 16
1621 1480 16
1621 1556 16
515 1225 58
1225 611 369
516 730 2
517 1284 22342
518 684 1
518 1076 8
519 1381 32
520 684 31
592 1015 930
983 144 9
983 1015 112996
1006 562 1
1006 1015 14370
1006 1230 15249
1053 126 34
1053 1067 164
1053 1263 98
1247 245 4
1565 726 1
527 163 4
528 151 2
528 976 3
530 636 4
636 1015 3
636 1572 2
532 774 11
534 708 486
534 982 26
534 1067 7690
536 684 2
536 943 1
536 1133 4
536 1152 8
536 1609 1
1133 1363 4
1133 1572 2
539 590 6
539 1572 7
539 1836 5
540 1829 164
1740 1767 2
1740 1823 14
1740 1833 2
551 684 3
551 876 4
551 1836 3
555 1479 3
606 684 2
606 701 4
1797 504 24
565 1572 2
567 87 15
567 813 15
567 1185 2886
567 1216 9
567 1480 6
567 1527 821
567 1592 18
567 1659 65
567 1676 9
567 1719 4
567 1731 3
568 1481 2
1087 192 8
1087 1244 108
1087 1254 3
579 765 199
583 1572 1
588 684 5
1094 504 1
600 155 6
601 813 4
601 1185 5
601 1659 2
607 708 132
1155 525 48
1155 777 47
1155 1126 86
1155 1432 141
613 163 3
616 1301 80
672 500 2
672 675 12
672 774 10259
672 785 15
672 820 4
672 1442 18
672 1454 51
1231 1454 4
623 1455 1
659 673 327
659 1498 352
671 673 34763
671 876 9272
671 1170 3
671 1436 9253
809 1498 134
964 660 59
1316 1498 15019
1377 1426 67
1377 1498 11798
629 1358 41
632 1254 3322
639 684 1
642 774 12
643 1161 1
645 846 10
645 1723 46
648 765 73337
648 876 5
648 1015 2236
648 1199 7
1708 1548 3
1126 715 164
1126 1175 1189
1126 1188 266
1126 1301 97
1126 1360 976
1126 1681 140
656 718 778
656 1067 10186
656 1631 125
656 1836 4
657 1225 94
657 1567 71
663 673 224
669 942 101
670 874 4575
670 876 11854
670 1254 18507
670 1629 103
820 1454 15
752 910 312
752 1023 9
752 1170 34936
767 927 30
767 1023 6
857 874 2
857 981 6
857 1436 3
927 1023 221
927 1170 7
947 1023 276
947 1170 92
1023 1170 14317
674 1023 1
674 1170 107
677 1015 19837
799 1246 396
799 1493 157
1246 1493 146
681 993 780
1158 342 190
1158 531 134
1158 710 71
1158 759 59
1158 1254 55
736 461 5
781 1836 6
890 1572 3
1040 499 4
1040 1836 5
1340 1021 13
1376 1836 6
1602 1572 1
1661 758 1
1661 1836 1
1722 1425 3
1801 389 1
1812 236 1
686 977 246
686 993 1529
689 1358 36
702 765 9609
702 1199 22012
703 846 20
703 911 2
703 1723 16
704 832 1
704 845 5
704 846 426
704 862 4
704 911 1
704 1723 1528
832 1287 2
832 1723 20
862 1723 113
762 214 15
762 310 11
762 499 28
762 765 15677
1334 1432 40
1393 214 39
1393 310 8
1688 132 1
868 113 1235
868 1015 50
1030 1199 22617
1030 1455 6443
1030 1479 122
1680 51 1
1843 1402 7
712 525 18
712 708 3
712 765 114
712 1015 122
716 1469 25
924 239 7
924 1239 8924
924 1303 1
924 1404 8
924 1432 53
924 1436 12308
1324 825 1
1014 684 3
1786 378 2
732 684 2
735 1436 1
737 876 4552
737 1820 199
738 162 5
738 1251 22457
741 1015 117
743 1516 2127
745 1199 1327
754 1021 909
754 1357 13
760 993 515
763 800 6803
764 1251 6
790 163 4
790 525 4
790 708 3
790 1239 246
807 1199 4255
908 1199 2953
992 1199 5088
1148 525 18
1148 876 2
1297 1315 481
1297 1429 146
1297 1461 4956
1694 144 5
1704 876 2
1809 205 35
1809 289 2
1809 708 17
1809 1301 308
770 874 50
770 977 3767
770 1562 2
771 1572 2
1305 1454 140
782 1158 612
783 504 8
788 1723 4
791 846 5
791 1723 69
794 69 3
1764 155 7
1767 543 5
1771 920 7
1771 1215 4
1780 920 4
1838 155 3
833 848 12
833 1185 116
833 1592 12
842 708 1
856 1723 267
1746 1723 7
847 1015 7
851 876 14650
865 46 3
866 1455 8
870 113 52
870 1021 50
872 876 9841
974 720 3
974 1188 182
974 1481 2
974 1690 5
1632 192 32
1632 239 10
1632 422 17
1632 506 36
1789 1239 146
914 1572 2
1034 239 1
1034 1239 384
1034 1371 310
1034 1432 294
1034 1436 242
1034 1455 3455
1034 1697 4
1840 390 2
886 214 1
886 1572 5
894 874 8
1532 1117 44
1532 1175 198
1532 1437 58
1532 1463 72
1532 1681 72
897 1572 2
899 1225 192
899 1226 186
919 971 4519
1166 1778 4
1584 1792 18
1584 1795 24
1634 155 4
1634 1766 4
1634 1821 1
1509 1836 4
932 1015 30575
936 1015 9823
936 1461 8483
937 874 4
1507 135 149
1507 1175 95
960 1036 2
968 1461 4450
970 1021 3402
972 1572 5
972 1697 28
1224 1065 1
1224 1355 282
994 1779 4
994 1836 3
998 576 16
1011 239 135
1135 48 77
1135 1612 55
1308 1461 14023
1354 1461 95
1505 1461 1
1478 684 1
1027 765 3
1027 1572 5
1710 1199 43
1041 107 5
1045 1185 3
1045 1659 1
1048 144 2
1049 214 10
1050 684 2
1070 1836 20
1072 431 108
1072 1371 103
1073 215 2
1073 1836 4
1078 1572 5
1082 1170 29
1083 909 7
1096 122 3
1121 1358 36
1114 1461 162
1118 1582 53
1122 1126 169
1127 122 120
1127 560 90
1127 682 209
1142 245 181
1142 618 1
1142 1230 4
1149 1407 2
1150 691 1
1151 684 1
1154 888 5
1156 1199 2
1581 874 1
1581 876 261
1177 48 90
1178 1572 2
1181 555 3
1181 1328 24
1181 1346 2
1322 87 1
1826 1015 2
1211 977 131
1211 1360 260
1724 1036 1
1238 1239 4897
1248 1244 80
1248 1687 11
1326 544 5
1326 1524 4
1273 250 24
1281 239 6
1356 551 3
1372 1147 9
1408 1461 2268
1408 1521 9
1408 1522 17
1411 1836 3
1689 572 3
1418 1572 4
1438 608 87
1441 867 4
1441 1244 18
1441 1469 37286
1441 1687 2
1457 163 5
1492 1836 8
1495 1506 47424
1506 1515 2
1534 163 10
1544 508 8
1549 163 4
1563 1836 4
1568 765 1
1580 245 1
1588 1213 2
1604 239 1
1618 499 48
1662 1071 9
1675 657 100
1707 1779 5
1725 845 3
1726 155 15
1726 1091 26
1768 708 1
1769 1572 4
1774 874 1
1774 1402 10
1793 355 1
1831 462 8
