1000
0 118 51
0 315 17
0 435 88
0 582 72
1 99 23
1 291 10
1 389 59
1 575 26
1 724 3
1 898 97
1 917 49
2 91 3
2 93 97
2 130 99
2 431 57
2 692 80
2 754 2
3 39 82
3 240 29
3 470 21
3 729 53
3 975 38
4 155 49
4 219 2
4 285 90
4 419 39
4 681 34
4 805 75
4 907 6
5 30 49
5 623 51
5 742 66
5 847 2
5 906 91
5 937 52
6 181 68
6 191 53
6 277 96
6 722 47
6 761 13
6 770 61
6 919 51
7 273 21
7 340 35
7 489 25
7 530 42
7 635 27
7 854 61
8 65 19
8 253 85
8 398 24
8 894 68
8 923 47
9 277 28
9 340 9
9 365 1
9 503 13
9 619 9
9 779 75
9 841 74
9 882 43
10 13 82
10 117 74
10 275 5
10 326 71
10 380 77
10 503 31
10 523 11
10 630 38
10 638 27
10 742 84
10 883 51
10 971 35
11 96 21
11 410 98
12 93 84
12 106 86
12 366 81
12 587 53
13 416 95
13 484 65
13 485 97
13 540 42
13 713 46
13 767 11
13 860 37
13 951 98
14 56 89
14 174 61
14 239 79
14 251 69
14 596 86
14 670 55
14 714 80
14 881 17
14 949 8
14 987 55
15 33 27
15 309 53
15 422 87
15 498 35
15 558 36
15 696 98
15 796 56
15 905 6
16 113 28
16 331 93
16 376 80
16 464 72
16 713 64
16 916 19
17 65 20
17 444 2
17 814 63
17 899 67
18 187 95
18 435 98
18 559 68
18 583 32
18 904 15
19 173 70
19 206 78
19 471 59
19 630 12
19 692 88
19 976 89
20 70 30
20 115 74
20 891 61
20 932 55
20 976 77
20 986 23
21 490 60
21 590 49
22 25 86
22 33 77
22 44 1
22 215 29
22 273 38
22 316 38
22 745 34
22 871 17
22 873 71
23 73 25
23 180 5
23 572 12
23 591 61
23 791 37
23 888 41
23 962 66
24 41 90
24 242 93
24 420 16
24 729 44
25 29 33
25 35 92
25 415 93
25 493 94
25 540 90
25 778 22
25 954 68
25 967 1
26 96 44
26 212 18
26 227 56
26 240 64
26 272 97
26 691 68
26 713 12
26 881 27
26 896 13
27 62 54
27 240 22
27 254 57
27 324 87
27 425 96
27 608 91
27 740 24
27 850 28
28 35 89
28 552 73
28 875 46
29 147 28
29 226 7
29 239 8
29 256 70
29 578 78
29 883 41
30 183 67
30 293 78
30 846 40
30 854 36
30 929 62
31 285 28
31 356 55
31 360 68
31 380 72
32 81 83
32 178 4
32 435 42
32 549 87
32 614 88
32 831 44
33 209 65
33 514 19
33 766 89
33 874 69
33 934 82
34 41 11
34 258 61
34 268 27
34 332 5
34 366 62
34 402 79
34 422 56
34 471 11
34 753 77
34 969 4
35 70 60
35 309 12
35 330 49
35 661 37
36 435 54
36 472 6
36 517 9
36 852 35
36 855 85
37 127 86
37 140 28
37 164 92
37 303 78
37 395 94
37 613 89
37 736 8
38 193 35
38 199 36
38 365 68
38 435 83
38 476 78
38 574 9
38 698 76
38 934 17
38 951 73
39 89 45
39 576 23
39 935 25
40 173 62
40 329 33
40 459 99
40 586 92
40 653 45
40 716 27
40 764 8
40 949 66
40 981 40
41 88 89
41 114 86
41 189 54
41 514 53
41 518 77
41 545 91
41 652 2
41 827 78
42 134 54
42 222 67
42 236 32
42 544 73
42 836 59
43 78 3
43 723 56
43 785 66
43 801 53
44 483 23
44 630 85
44 635 48
44 661 82
44 958 65
45 120 92
45 188 35
45 393 1
45 843 59
45 930 9
46 72 69
46 240 4
46 395 13
46 556 18
46 567 8
46 834 42
46 857 43
47 253 75
47 411 39
47 454 79
47 889 20
48 129 28
48 495 69
48 641 82
48 847 57
48 921 74
48 952 90
49 77 17
49 542 79
50 161 99
50 396 1
50 648 78
50 954 15
51 199 69
51 330 42
51 346 22
51 468 6
51 651 45
51 894 96
51 967 77
51 971 52
52 68 34
52 167 78
52 187 97
52 259 63
52 945 99
53 66 72
53 67 10
53 157 16
53 340 41
53 551 19
53 802 8
53 813 36
54 123 87
54 424 58
54 436 75
54 506 11
54 611 80
54 750 61
54 905 35
54 993 86
55 63 72
55 297 36
55 305 81
55 354 81
55 690 63
55 757 95
55 869 96
56 184 10
56 497 21
56 541 74
56 604 54
56 636 14
56 740 6
56 827 5
56 876 19
56 884 90
57 417 2
57 531 47
57 839 77
58 351 84
58 532 17
58 596 66
58 629 95
58 871 95
59 174 22
59 351 70
59 551 70
59 661 91
59 826 57
59 916 72
60 133 93
60 259 65
60 306 18
60 582 67
61 840 43
62 198 80
62 597 72
62 926 12
63 267 53
63 429 65
63 891 17
64 72 53
64 351 59
64 387 95
64 421 73
64 557 93
64 701 87
64 816 84
64 932 56
65 93 28
65 579 6
65 794 36
66 701 80
66 738 14
66 848 39
66 899 71
66 924 16
66 970 62
67 95 65
67 411 92
67 427 81
67 495 89
67 702 1
67 946 47
68 180 23
68 255 77
68 691 68
68 733 13
68 903 97
69 574 13
69 611 44
69 872 30
69 883 86
70 163 33
70 534 32
70 638 76
70 732 97
70 839 69
70 939 63
71 188 24
71 394 22
71 502 23
71 606 91
72 238 56
72 438 40
72 800 47
72 899 35
72 941 25
73 201 88
73 415 31
73 906 63
73 941 14
73 988 78
74 270 40
74 273 35
74 760 68
75 162 65
75 203 94
75 264 71
75 403 89
75 447 68
75 652 54
75 740 79
76 236 9
76 409 17
76 431 23
76 727 95
77 103 60
77 761 28
78 513 71
78 792 11
78 799 40
79 127 50
79 426 81
79 636 40
79 847 95
80 691 83
80 920 33
81 514 67
82 136 59
82 162 36
82 207 89
82 217 75
82 243 24
82 331 71
82 366 57
82 376 19
82 413 94
82 475 99
82 544 80
82 790 64
82 825 12
83 157 54
83 335 81
83 340 74
83 528 74
83 624 11
83 626 36
83 696 82
83 747 18
83 841 81
83 868 89
83 938 18
84 134 30
84 233 6
84 472 87
84 514 53
84 583 96
84 633 41
84 936 16
85 139 53
85 158 86
85 241 92
85 492 64
85 532 43
85 747 73
85 858 35
86 171 91
86 260 11
86 553 82
86 597 19
86 679 12
86 970 30
87 106 48
87 540 14
87 626 52
87 699 97
87 797 1
87 805 47
87 838 41
88 397 5
88 412 13
88 447 63
88 646 5
88 671 87
88 969 63
89 169 15
89 296 14
89 650 58
89 672 1
89 911 10
90 248 90
90 715 14
90 803 6
90 832 59
90 852 87
90 980 87
90 988 36
91 315 39
91 479 78
91 518 97
91 637 98
91 744 39
91 884 95
92 288 49
92 447 69
92 538 99
92 884 6
93 195 55
93 412 24
93 703 57
93 779 45
93 826 89
93 861 72
93 888 98
94 272 13
94 626 59
94 818 18
95 139 2
95 213 97
95 252 86
95 276 38
95 287 87
95 432 52
96 147 17
96 270 73
96 483 99
96 601 11
96 688 41
96 755 85
96 771 78
96 990 25
97 120 77
97 337 5
97 589 15
97 660 74
97 682 83
97 800 8
97 864 80
98 454 95
98 620 1
98 624 5
98 699 37
98 742 12
99 168 10
99 669 94
99 770 49
100 268 73
100 330 91
100 331 81
100 694 77
100 734 72
101 110 14
101 321 22
101 468 75
101 828 31
101 836 2
102 841 58
103 266 11
103 522 15
104 192 29
104 502 61
104 835 65
104 847 78
104 863 18
104 953 62
105 222 83
105 497 88
105 667 64
106 119 40
106 361 42
106 527 2
106 671 78
106 850 96
107 865 40
107 972 75
108 121 84
109 154 30
109 181 12
109 187 46
109 348 82
109 360 96
109 429 82
109 589 44
109 940 30
109 945 33
109 977 71
110 294 13
110 321 26
110 513 72
110 677 48
110 694 4
110 772 59
111 208 12
111 482 6
111 705 47
111 937 26
112 173 33
112 405 35
112 562 47
112 812 72
112 856 11
112 928 67
113 333 83
113 388 64
113 430 18
113 469 94
113 799 78
113 820 89
113 986 84
114 213 96
114 375 20
114 607 3
114 677 52
115 412 56
115 464 36
115 531 82
115 625 58
115 872 74
116 132 20
116 181 47
116 292 87
116 461 72
116 751 90
117 385 7
117 576 37
117 592 57
117 714 28
117 843 19
117 894 36
118 233 9
118 259 92
118 302 12
118 666 80
118 752 73
118 816 28
119 382 21
119 465 34
119 562 71
119 568 52
119 790 51
119 817 93
119 842 34
119 994 8
120 353 82
120 680 72
121 360 74
121 400 58
121 436 83
121 524 47
121 828 1
122 372 75
122 556 79
122 585 61
122 620 7
122 625 65
122 677 18
122 842 67
123 215 36
123 373 95
123 946 14
124 143 67
124 335 14
124 426 24
124 574 49
124 821 65
125 373 93
125 620 5
125 836 86
125 859 51
126 192 14
126 223 24
126 440 87
126 489 87
127 378 18
127 500 65
127 581 71
127 661 30
127 884 8
128 482 83
128 512 26
128 615 14
128 760 85
128 773 30
129 178 70
129 210 2
129 320 65
129 461 69
129 709 9
129 838 92
130 417 40
130 461 70
130 466 23
130 621 47
130 765 30
130 884 41
130 915 86
130 986 29
131 561 82
131 827 99
132 276 19
132 351 5
132 802 38
132 814 81
132 935 85
132 970 5
132 982 23
133 160 48
133 169 6
133 795 52
133 932 70
133 947 62
134 844 69
134 971 50
135 492 2
135 551 34
135 574 49
135 644 11
135 722 30
135 804 21
135 919 34
135 964 1
136 635 82
136 652 48
136 805 90
136 889 86
137 152 24
137 539 52
137 683 23
138 284 31
138 312 47
138 353 2
138 746 51
139 193 16
139 426 55
139 659 3
140 301 69
140 464 21
140 852 73
140 920 78
141 256 47
141 396 6
141 471 85
141 513 1
141 556 64
141 785 29
141 957 16
142 230 44
142 339 26
142 463 48
142 906 99
143 182 29
143 211 46
143 218 3
143 285 26
143 444 52
143 470 89
143 488 50
143 782 52
143 885 86
144 389 82
145 147 91
145 207 58
145 254 3
145 259 77
145 451 11
145 628 50
145 727 80
145 769 76
145 950 32
146 433 48
146 546 80
146 832 43
146 869 14
146 876 88
147 385 79
147 404 39
147 529 74
147 536 15
147 595 32
147 946 4
148 362 70
149 520 13
149 663 43
149 737 59
150 233 43
150 288 20
150 351 81
150 484 28
150 508 15
150 533 61
150 541 29
150 596 84
150 652 25
150 747 86
151 518 88
151 678 39
151 944 10
151 995 80
152 210 52
152 359 62
152 520 15
152 766 77
152 823 70
152 959 73
152 970 55
153 249 52
153 252 33
153 323 5
153 339 97
153 548 86
153 557 20
153 674 65
153 935 98
154 183 21
154 432 14
154 525 29
154 855 91
155 275 56
155 884 45
156 464 71
156 600 59
156 752 11
156 818 1
156 867 64
156 895 82
156 961 20
156 997 42
157 240 86
157 250 48
157 414 39
157 434 8
157 491 82
157 690 17
158 470 79
158 504 74
158 512 9
158 550 85
158 818 81
158 834 44
158 992 51
159 707 45
159 865 16
159 944 79
160 208 54
160 537 16
160 598 68
160 851 35
160 868 30
160 924 2
161 775 47
161 870 15
161 957 17
161 998 98
162 262 20
162 507 43
162 561 98
162 895 62
163 406 74
163 570 67
163 605 90
163 611 95
163 769 99
164 173 8
164 235 13
164 413 14
164 603 25
164 792 59
164 897 79
165 250 35
165 506 74
165 515 21
165 846 80
165 932 29
166 198 44
166 475 62
166 563 42
166 629 11
166 762 49
166 899 97
167 271 87
167 491 7
167 607 32
167 620 1
167 793 26
168 252 69
168 293 45
168 313 9
168 566 85
168 574 55
169 268 78
169 345 10
169 375 10
169 526 25
169 765 11
169 803 77
169 856 26
170 189 8
170 512 1
170 516 84
170 773 3
170 779 69
170 842 71
171 313 49
171 388 40
171 470 13
171 533 60
171 750 8
171 781 70
171 889 99
172 313 23
172 362 35
172 498 60
172 499 71
172 726 58
172 823 90
172 940 8
172 982 77
172 986 4
172 997 59
174 344 96
174 364 94
175 193 62
175 402 51
175 605 66
175 631 68
175 880 9
176 538 87
176 554 26
177 259 37
177 354 16
177 434 58
177 604 69
177 930 54
177 969 46
178 328 10
178 355 2
178 364 35
178 470 12
178 595 9
178 675 76
178 925 34
179 364 87
179 974 8
180 247 44
180 424 6
180 940 31
181 480 1
181 639 25
181 685 51
181 750 12
181 846 27
181 950 75
181 956 68
182 306 72
182 338 99
182 352 83
182 386 47
182 401 73
182 466 12
182 516 35
182 555 72
182 558 33
182 656 98
182 982 99
183 290 6
183 351 81
183 478 33
183 499 58
183 557 66
183 560 72
183 582 27
184 327 87
184 700 98
184 877 91
184 941 82
184 956 38
185 257 85
185 333 10
185 474 84
185 524 81
185 688 52
186 447 40
186 535 87
187 432 9
187 936 45
187 972 84
188 313 88
188 698 84
188 923 88
189 429 39
189 433 73
189 447 10
189 532 45
189 666 14
189 751 24
189 952 85
190 243 78
190 572 84
190 593 27
190 702 47
190 766 20
190 961 76
190 969 89
191 264 84
191 329 28
191 793 3
191 798 39
192 273 57
192 558 18
192 750 86
192 782 8
193 298 89
193 655 35
193 745 23
193 766 60
193 920 76
193 969 64
194 849 50
194 855 35
194 902 47
195 482 5
195 695 71
195 849 58
195 878 33
195 917 95
196 198 1
196 284 61
196 485 41
196 567 16
196 712 35
196 911 14
197 294 74
197 502 74
197 554 15
198 203 39
198 211 32
198 779 89
198 843 24
199 273 34
199 342 25
199 361 77
199 458 82
199 554 96
199 596 30
199 959 58
199 997 21
200 241 66
200 355 98
200 413 69
200 559 70
200 681 76
201 310 32
202 476 25
202 505 69
202 518 84
202 641 45
202 854 63
203 265 22
203 429 11
203 486 80
203 546 79
203 616 75
203 759 46
203 835 55
204 240 92
204 263 12
205 271 24
205 578 20
205 759 57
205 834 17
205 937 9
206 236 16
206 352 60
206 952 1
207 246 69
207 369 9
207 534 53
207 537 71
207 792 64
207 911 2
207 989 13
208 663 51
208 712 57
208 895 67
208 956 36
208 969 46
209 340 97
209 506 78
209 951 93
210 364 7
210 366 24
210 426 35
210 447 27
210 598 90
210 986 33
211 270 94
211 400 26
211 417 53
211 645 45
211 744 50
211 964 1
212 268 42
212 519 65
213 428 54
213 561 28
213 644 66
213 729 16
214 288 9
214 312 32
214 515 98
214 895 84
214 910 22
215 752 76
215 939 67
216 307 40
216 459 69
216 512 64
216 560 72
216 840 5
216 937 87
217 451 36
217 624 81
217 996 4
218 253 30
218 447 18
219 241 90
219 395 25
219 489 60
219 616 70
220 311 9
220 740 26
220 866 58
220 935 40
220 963 96
221 246 57
221 295 47
221 536 11
221 954 68
221 975 3
222 280 77
222 370 96
222 517 62
222 849 38
223 344 95
223 579 58
223 676 83
224 252 74
224 411 24
224 427 74
224 607 55
224 783 36
224 834 26
225 285 9
225 330 53
225 360 16
225 388 30
225 479 58
225 592 57
225 600 14
225 654 85
225 814 68
225 984 36
226 358 50
226 532 97
226 540 39
226 642 29
226 656 56
226 736 52
226 788 84
226 987 70
227 318 16
227 356 67
227 396 18
227 589 16
227 606 94
228 286 22
228 369 42
228 516 27
228 520 66
228 643 1
228 773 60
228 826 74
228 967 59
228 993 30
229 363 3
229 479 86
229 971 74
230 251 65
230 525 49
230 648 68
230 772 33
230 832 24
230 902 36
231 248 53
231 456 65
231 457 41
231 483 74
231 489 21
231 510 47
231 511 87
231 627 53
231 736 83
231 872 36
231 961 55
232 514 87
232 652 30
232 766 30
232 857 2
232 922 21
233 290 6
233 571 15
233 677 13
233 704 21
233 747 17
233 908 79
234 421 72
234 875 1
235 336 4
235 409 35
235 752 95
236 312 38
236 402 3
236 481 77
236 705 36
237 319 37
237 321 96
237 435 78
237 595 10
237 752 76
237 958 65
238 306 19
238 388 5
238 510 21
238 579 12
239 296 80
239 503 79
239 667 72
239 757 93
239 758 45
239 806 51
240 327 17
240 396 26
240 570 66
240 733 24
241 400 62
241 818 81
241 967 42
242 375 22
242 815 9
242 895 44
243 372 41
243 430 82
243 437 62
243 472 24
243 640 76
243 687 27
243 713 73
243 743 93
243 793 21
243 859 45
244 307 61
245 459 50
245 593 83
246 453 73
246 504 73
246 787 98
247 299 67
247 319 57
247 329 27
247 726 6
247 855 85
247 879 28
248 275 3
248 917 43
250 484 76
250 502 42
250 840 41
250 849 79
251 360 58
251 664 40
251 922 9
251 990 88
252 262 86
252 313 3
252 356 47
252 393 6
252 581 16
252 709 90
252 891 56
253 289 61
253 436 91
253 619 73
253 625 7
253 948 66
253 954 63
254 614 20
255 314 78
255 346 10
255 911 11
256 437 42
256 637 66
256 689 56
256 845 18
256 887 4
257 371 26
257 786 17
257 821 43
257 900 6
257 901 79
257 940 95
257 950 29
258 356 41
258 876 48
258 893 29
259 293 56
259 527 70
259 544 32
259 909 66
260 273 88
260 342 7
260 822 86
260 909 26
261 430 57
261 606 51
261 745 55
261 890 6
262 402 31
262 416 20
262 757 38
263 577 41
263 608 93
263 716 17
263 842 15
263 843 17
263 993 21
264 315 12
264 412 78
264 680 92
264 848 73
265 359 57
265 470 46
265 506 86
265 801 62
265 964 65
266 311 25
266 784 97
267 351 48
267 822 78
268 292 94
268 421 65
268 938 86
268 973 6
269 293 73
269 539 66
269 542 91
269 842 57
270 536 59
270 588 36
270 751 16
270 896 5
271 536 31
271 814 2
271 965 75
272 492 85
272 747 27
272 959 17
273 450 7
273 483 25
273 698 86
273 733 85
273 746 39
273 801 20
273 807 1
273 901 23
274 387 81
274 556 2
274 662 97
274 900 12
275 515 2
275 963 16
276 353 27
276 486 45
276 628 76
277 301 44
277 489 89
277 669 55
277 782 53
278 408 19
278 481 7
278 646 97
278 710 29
279 448 67
279 492 25
279 540 36
279 614 95
279 918 62
279 939 59
280 409 33
280 410 33
280 467 72
280 605 49
280 671 51
280 798 23
280 866 57
280 929 88
280 982 6
281 449 56
281 502 38
281 546 35
281 665 39
281 695 61
281 706 86
281 766 40
282 490 45
282 699 67
282 724 47
282 841 15
283 371 40
283 381 76
283 431 27
283 515 17
283 757 83
283 760 10
283 799 82
283 832 97
284 333 56
284 510 20
284 777 17
284 788 55
284 858 37
284 892 61
285 462 87
285 636 91
285 745 43
286 371 85
286 460 26
286 701 49
286 838 32
286 839 15
287 476 26
287 723 21
288 446 55
288 553 13
288 720 11
288 780 59
288 840 15
289 371 39
289 697 56
289 831 84
289 833 43
289 867 67
289 932 50
290 317 55
290 442 67
290 455 57
290 537 11
290 588 53
290 644 7
290 693 60
290 708 88
290 728 25
290 749 62
290 911 94
291 343 18
291 362 92
291 375 31
291 393 19
291 673 7
291 864 40
291 902 46
291 999 83
292 504 25
292 717 29
293 313 63
293 471 88
293 518 11
293 536 69
293 615 69
293 623 68
293 881 74
294 634 87
294 804 95
295 377 39
295 428 64
295 626 58
295 685 55
295 816 89
296 307 90
296 419 40
296 473 11
296 516 24
296 627 5
296 698 43
296 766 20
296 786 34
296 878 32
297 455 75
297 479 75
297 541 12
297 777 54
297 809 59
297 827 90
297 876 9
297 926 75
298 389 12
299 453 48
299 568 70
299 627 29
299 661 3
299 761 18
300 333 25
300 741 93
300 772 96
300 857 74
300 915 55
301 558 83
301 702 16
301 771 19
302 388 33
302 458 2
302 746 26
302 958 73
303 653 98
303 879 94
303 962 92
304 319 85
304 388 64
304 442 24
304 927 77
305 694 59
306 410 38
306 696 37
306 708 70
306 830 42
306 955 50
306 975 88
306 999 44
308 383 57
308 404 72
308 461 61
308 493 74
308 503 36
309 521 5
309 662 90
310 397 49
310 617 65
311 452 95
311 657 55
311 720 78
311 937 54
312 321 86
312 422 88
312 506 56
312 543 53
312 629 86
312 935 69
313 652 68
313 789 23
314 665 65
314 706 70
314 773 96
314 946 97
315 446 88
315 454 76
315 716 56
315 917 64
315 979 48
316 631 82
317 340 96
317 545 85
317 803 96
317 932 48
317 986 12
318 415 62
318 434 24
319 360 57
319 548 58
319 664 78
319 726 53
319 965 7
320 468 47
320 487 5
320 785 69
320 873 56
320 964 69
321 386 36
321 592 78
321 917 27
321 926 43
322 434 40
322 451 85
322 796 17
322 803 20
323 548 3
323 778 67
323 950 19
324 328 39
324 381 83
324 758 58
324 782 73
324 997 75
325 342 83
325 573 45
325 643 92
325 682 81
325 765 49
325 781 64
325 964 32
326 384 12
326 680 58
327 580 31
327 593 94
327 640 69
327 854 97
327 964 39
328 968 75
329 611 4
329 664 36
329 768 60
329 809 83
329 913 68
330 379 38
330 588 49
330 859 70
330 860 26
330 944 3
330 971 28
330 984 51
331 484 40
331 588 39
331 658 29
331 692 68
331 971 92
332 480 91
332 483 64
332 521 42
332 596 83
333 726 40
333 917 48
334 713 1
334 820 13
334 889 27
335 497 10
335 510 98
335 738 79
335 795 22
335 815 35
335 863 16
335 865 19
335 918 88
336 351 48
336 419 50
336 594 78
336 845 99
336 935 34
337 519 67
337 624 94
337 649 49
337 662 6
337 731 14
337 760 55
338 530 26
338 586 3
338 718 41
338 795 68
338 832 12
338 921 63
338 945 35
339 349 36
339 473 20
339 484 37
339 589 77
339 720 68
339 803 33
340 391 41
340 438 84
340 454 92
340 730 18
340 986 70
341 352 18
341 777 59
342 484 88
342 520 85
342 592 21
342 625 72
342 808 4
342 828 74
342 917 50
343 433 94
343 658 48
343 675 4
343 709 42
343 722 75
343 896 80
343 953 71
344 482 99
344 620 78
344 663 31
344 733 81
345 583 79
345 742 68
345 772 76
345 838 75
347 409 79
347 427 68
347 441 10
347 515 67
347 604 95
347 619 88
347 655 70
347 658 8
347 687 68
347 909 99
347 918 54
348 453 56
348 602 40
349 355 82
349 724 38
349 939 45
350 764 49
350 940 31
350 948 41
351 433 97
351 466 85
352 405 48
352 531 89
352 981 96
353 424 73
353 448 68
353 564 97
353 600 50
353 715 6
353 729 38
353 813 83
353 958 16
353 981 57
354 370 67
354 583 83
354 660 95
354 707 76
354 929 58
355 481 90
355 523 40
355 786 66
356 765 93
356 949 42
357 560 3
357 670 94
357 696 47
357 967 67
358 580 18
358 629 14
358 759 90
359 383 95
359 502 30
359 658 97
359 817 41
359 862 69
359 939 39
360 426 71
360 543 21
361 431 67
361 587 68
361 952 25
362 775 10
362 793 24
363 453 3
363 735 69
363 830 34
364 378 94
364 556 5
364 682 35
364 833 10
364 864 14
365 396 17
365 636 32
366 479 35
366 480 99
366 552 78
366 603 30
366 634 71
366 641 80
366 901 99
367 817 39
368 491 90
368 533 61
368 696 75
368 752 76
368 973 35
369 489 27
370 791 63
370 879 66
371 491 79
371 833 97
371 847 24
372 553 66
372 609 3
372 771 33
372 943 82
373 675 74
373 894 98
373 905 86
373 929 19
374 486 57
374 908 48
374 976 18
375 415 53
376 815 59
376 899 23
376 907 2
377 514 99
377 675 40
377 703 22
377 830 50
378 493 87
378 712 46
378 762 86
379 389 53
379 671 46
379 791 65
379 865 32
379 895 80
380 865 11
381 452 96
381 657 78
381 667 68
381 756 54
381 795 7
381 948 50
382 739 11
382 967 6
383 552 26
383 563 48
383 674 58
383 813 86
383 917 27
384 426 12
384 480 76
384 521 60
384 634 72
384 676 86
384 805 14
384 832 80
385 401 85
385 705 81
385 753 71
386 464 39
386 568 91
386 588 19
386 696 7
386 937 15
386 996 62
386 997 47
387 579 13
387 693 63
387 695 93
387 711 36
387 771 18
387 888 77
387 908 81
387 978 99
388 448 13
388 849 39
388 869 40
389 428 5
389 598 3
389 809 95
390 420 11
390 444 17
390 497 78
390 603 77
390 615 74
390 622 24
390 775 37
390 977 4
390 989 8
391 482 31
391 611 44
391 760 98
391 997 74
392 509 91
392 521 17
392 658 92
392 772 88
392 825 50
393 765 88
393 775 66
393 843 56
393 964 11
394 455 76
394 468 52
394 600 61
394 673 90
394 756 97
394 810 85
394 914 9
395 412 68
395 533 62
395 698 48
395 771 72
395 856 33
396 434 88
396 444 19
396 801 88
396 821 95
396 904 87
397 490 38
397 608 92
398 490 90
398 512 17
398 578 21
398 593 78
398 810 5
398 865 8
398 879 64
398 972 68
399 499 53
399 683 21
399 747 40
399 858 90
399 982 10
400 477 50
400 615 94
400 627 49
400 690 10
400 748 3
400 870 83
401 808 30
403 689 92
403 768 81
403 993 76
404 508 69
405 627 38
405 719 89
405 995 92
406 489 77
406 998 57
407 433 30
407 524 11
407 814 87
408 754 53
409 441 7
409 589 11
409 617 70
409 702 97
409 943 9
410 636 93
410 699 72
410 772 27
410 848 28
410 885 56
410 979 18
411 557 38
411 595 19
411 701 88
411 766 87
411 817 16
411 927 55
411 957 81
411 975 54
412 546 39
412 730 97
413 473 46
413 671 23
413 713 56
413 841 20
414 572 73
414 825 94
415 655 90
415 699 58
416 486 17
416 670 81
416 837 64
418 457 19
418 626 27
418 636 30
418 855 96
418 977 28
419 457 29
419 532 32
420 575 69
420 581 8
420 678 9
421 618 41
421 772 13
422 637 49
422 648 68
422 672 24
422 922 46
423 461 61
423 470 48
423 643 30
423 987 48
424 598 1
424 745 28
424 960 33
425 516 47
425 730 28
425 807 78
425 950 38
426 803 95
427 565 32
427 571 48
427 780 23
427 862 54
427 871 32
427 940 59
428 431 41
428 723 71
428 979 99
429 445 19
429 551 98
429 642 92
429 848 1
429 991 18
430 760 93
431 776 75
431 799 14
431 951 12
432 499 45
432 709 5
432 810 84
432 818 81
433 571 22
433 907 26
434 834 63
434 981 15
434 993 89
435 535 93
435 549 24
435 867 59
435 874 6
435 958 20
435 983 4
436 631 62
436 848 55
436 902 50
437 469 58
437 582 70
437 584 61
437 605 19
438 566 28
438 637 38
438 676 16
438 742 17
439 444 67
439 486 31
439 509 38
439 605 6
439 800 10
440 465 34
440 504 11
440 551 38
440 671 21
440 769 82
440 949 47
441 574 64
441 861 99
442 466 72
442 741 49
442 935 17
442 966 3
443 488 33
443 551 6
443 638 19
443 675 84
443 694 86
443 826 97
444 743 76
444 759 83
444 859 63
445 836 45
446 574 13
446 618 47
446 766 65
446 823 85
447 460 78
447 644 35
447 648 64
447 765 20
447 772 67
447 805 11
447 970 96
447 994 15
447 999 62
448 848 9
448 935 63
449 505 68
449 763 15
449 803 34
449 973 96
450 459 85
450 708 82
450 910 67
450 919 4
451 685 94
451 692 2
452 573 97
452 577 86
452 635 12
452 673 17
452 776 68
453 500 5
453 588 48
454 561 72
454 888 75
454 948 50
455 539 20
455 676 80
455 696 46
456 502 56
456 755 19
456 842 65
456 862 35
456 875 49
457 757 14
457 913 10
459 511 89
459 671 50
459 773 67
460 486 41
460 551 94
460 834 92
460 995 88
461 667 36
461 808 26
461 810 80
461 971 68
462 663 19
462 671 49
462 761 50
462 866 40
463 755 81
463 759 24
463 865 61
464 544 64
464 572 49
465 477 36
465 525 57
465 628 49
465 777 92
466 676 2
466 686 45
466 698 46
466 858 80
467 609 95
467 682 91
467 710 97
468 553 93
468 747 1
468 944 43
469 940 33
470 480 77
470 488 80
470 647 76
470 685 33
470 854 58
470 986 87
471 851 68
472 486 91
472 555 43
472 866 71
472 932 62
473 570 56
473 688 54
473 916 38
474 874 22
474 978 82
475 802 56
475 856 79
475 984 49
476 929 64
477 522 38
477 822 9
477 844 52
477 945 3
478 710 27
478 787 95
478 942 45
479 730 44
479 826 94
479 913 40
479 917 55
479 938 69
480 641 20
480 717 90
481 721 80
481 861 86
482 502 34
483 560 28
483 785 37
483 883 21
484 977 84
485 641 87
485 702 53
485 738 94
485 785 13
485 815 1
485 930 95
486 514 5
486 627 59
486 644 4
486 670 62
486 841 2
486 867 36
487 592 60
487 841 73
487 961 42
487 985 94
488 580 72
488 875 6
489 726 2
489 733 89
489 787 22
489 922 49
489 943 66
490 745 97
491 904 34
492 640 66
492 812 64
492 910 47
492 968 27
493 600 38
493 754 56
494 595 57
494 721 32
494 956 40
494 976 65
495 592 79
495 750 89
495 846 66
496 553 5
496 723 67
496 744 41
496 766 26
496 814 27
497 767 51
498 841 3
499 826 80
499 831 25
499 866 76
499 884 33
499 976 75
502 757 86
502 766 25
502 879 15
503 533 79
503 763 44
503 876 49
503 980 19
504 541 71
504 586 33
504 659 16
504 974 56
504 990 32
505 705 38
505 780 4
505 813 22
505 917 63
506 650 69
506 930 10
507 554 44
507 625 63
507 908 41
507 934 29
508 555 87
508 714 54
508 806 10
508 819 96
509 722 56
509 819 73
509 851 12
509 853 19
510 884 4
510 888 85
510 895 37
512 571 83
512 928 42
512 937 77
512 998 67
513 733 73
513 810 8
513 953 41
514 736 38
514 846 47
514 869 12
514 947 2
515 651 29
515 778 18
515 819 77
516 617 71
516 645 87
516 669 33
516 862 65
516 990 81
517 908 83
517 986 2
518 569 71
518 857 41
518 945 40
519 962 38
520 653 3
520 696 74
520 772 10
520 858 63
521 637 67
521 984 32
522 576 49
522 904 47
523 682 36
523 770 97
526 735 44
526 933 2
527 662 86
527 706 84
527 987 28
527 990 24
528 540 44
528 675 42
528 965 52
529 682 4
529 763 41
529 828 31
529 987 6
530 572 42
530 683 41
530 708 67
530 974 37
531 779 81
532 592 32
532 861 55
532 972 94
533 548 98
533 574 75
533 805 77
533 825 97
533 963 67
534 602 96
535 574 66
535 609 92
535 962 96
536 923 65
536 984 34
537 684 91
537 849 30
537 860 11
538 728 3
539 575 16
539 684 76
540 609 15
540 857 15
541 711 78
541 844 72
542 612 78
542 746 61
543 816 18
543 821 98
543 867 26
544 833 32
544 890 59
544 903 90
545 864 16
545 894 59
545 938 10
546 568 52
546 824 48
546 969 50
547 560 53
547 714 84
547 742 43
548 659 93
548 838 61
548 884 86
548 991 86
549 591 46
549 698 1
549 934 79
549 989 57
550 565 24
550 646 42
550 716 3
550 811 88
550 966 72
551 837 29
552 607 42
552 653 37
552 750 95
552 781 80
552 815 1
552 952 73
552 985 4
552 992 8
553 626 3
553 800 48
553 815 65
553 999 31
554 750 43
554 822 18
555 783 95
555 850 42
555 872 46
556 651 27
556 700 24
556 800 80
557 593 2
557 730 74
557 950 46
559 838 65
560 562 50
561 829 5
561 867 98
561 873 42
562 646 60
562 757 27
562 893 48
564 626 63
564 684 14
564 785 1
564 793 93
564 912 93
564 928 91
564 936 37
565 612 51
565 827 14
565 837 62
566 659 67
567 621 71
568 965 8
570 842 80
570 860 13
570 932 59
571 944 83
571 968 39
572 884 49
573 606 14
573 790 90
573 793 97
573 949 26
574 748 88
574 918 39
575 891 19
575 904 94
575 923 98
576 807 43
577 621 87
577 860 57
577 946 29
578 671 9
579 686 79
579 965 11
580 801 23
581 743 8
581 926 76
581 945 86
582 639 79
582 665 29
582 864 60
583 718 22
584 712 93
584 745 60
584 897 55
584 910 91
584 982 92
584 997 67
585 836 37
585 963 41
586 603 12
588 614 87
588 734 30
588 858 77
588 865 86
590 722 17
590 869 2
591 648 74
591 952 20
591 956 82
592 786 60
592 882 83
593 842 64
593 983 48
594 644 13
595 754 18
595 814 87
595 937 34
596 607 93
596 737 6
597 818 29
597 829 2
598 810 96
598 862 46
599 671 52
599 898 7
600 676 57
600 784 26
601 613 7
601 725 67
601 749 13
601 765 66
601 841 94
601 926 65
602 627 66
602 765 14
603 861 53
604 900 39
605 629 98
605 679 82
605 706 37
605 825 86
605 851 40
605 899 13
606 659 62
606 663 13
606 904 91
607 629 6
607 715 6
607 851 76
607 872 1
608 661 6
608 803 28
608 832 10
608 877 9
609 874 82
610 894 60
611 737 83
611 742 84
611 965 29
612 841 91
612 842 26
612 867 99
612 886 12
613 633 36
613 714 5
614 743 82
614 964 65
615 644 15
616 618 83
616 654 24
616 839 32
616 915 48
617 703 15
617 874 63
617 902 9
618 773 60
618 920 84
618 986 57
619 885 21
620 965 4
620 966 75
620 991 85
621 736 2
621 767 49
621 812 79
621 884 54
621 907 3
621 937 28
621 987 53
622 788 75
622 841 2
623 784 13
624 742 22
625 747 77
626 764 37
626 791 57
626 888 74
626 934 33
627 900 52
627 904 36
628 691 80
628 812 30
628 952 14
630 804 87
630 898 52
631 706 37
632 764 30
632 934 34
632 995 19
633 837 45
633 961 8
634 638 12
634 974 76
635 709 85
635 735 51
635 741 96
635 857 64
636 867 66
636 930 92
637 895 94
637 918 98
638 647 16
638 720 3
638 937 8
638 995 24
639 692 96
639 853 79
639 862 93
640 642 8
640 966 51
641 748 52
641 762 21
643 792 11
644 661 57
645 708 18
645 780 16
645 911 27
647 830 31
648 707 39
648 776 97
649 866 74
649 871 58
650 708 20
650 823 30
651 661 81
651 862 51
652 788 89
652 905 4
654 741 99
654 749 92
654 797 55
654 841 40
654 968 61
654 988 93
655 794 84
657 769 2
659 681 71
659 839 8
659 903 69
659 973 62
660 691 81
660 913 98
662 774 63
662 991 49
663 722 26
663 808 24
665 668 34
665 984 82
667 824 8
668 689 16
668 700 32
668 782 9
668 913 33
668 969 51
668 988 17
669 922 52
670 852 22
671 735 63
671 852 40
671 937 29
671 952 74
673 889 93
674 679 97
674 690 17
674 831 92
675 794 26
675 878 96
675 916 39
675 989 48
676 887 89
676 986 56
677 749 86
677 792 48
677 866 58
677 882 43
679 905 83
680 704 24
680 827 5
680 857 78
681 802 34
682 714 98
682 727 81
683 719 8
683 727 25
683 867 25
683 873 11
684 972 33
685 713 25
685 872 6
686 719 50
686 792 69
687 714 4
687 717 87
687 744 56
687 775 50
688 911 96
688 966 25
689 880 56
690 771 87
691 808 2
691 958 38
692 773 57
692 795 77
692 953 91
693 710 24
693 837 52
694 725 76
694 956 57
695 981 27
696 700 17
696 773 95
697 751 84
697 862 92
697 972 42
698 712 71
698 787 15
698 826 90
699 935 35
700 719 91
700 812 52
701 988 6
703 909 47
705 802 43
705 916 54
706 869 49
706 963 24
707 923 60
707 927 90
708 823 72
709 711 56
709 714 7
710 760 59
710 922 62
710 987 10
712 922 88
712 971 70
713 797 42
713 925 82
713 974 43
715 776 96
715 942 99
716 721 52
717 751 99
717 933 1
717 939 11
718 729 16
718 903 41
718 913 34
719 817 69
719 926 83
720 721 81
721 847 71
723 845 42
725 748 42
725 832 38
725 980 70
727 836 94
728 738 65
728 772 74
728 982 5
729 755 95
729 768 1
730 875 45
730 947 61
732 859 90
732 860 36
734 739 21
734 775 48
734 807 96
734 842 88
735 836 64
736 789 21
737 752 41
738 818 45
738 853 94
739 773 64
739 790 78
740 763 68
740 795 40
740 928 30
742 848 29
742 906 21
743 785 21
743 937 99
744 768 51
744 814 21
744 939 79
745 955 18
745 989 19
746 898 28
747 749 62
747 773 96
750 871 69
751 892 33
753 781 26
753 800 74
755 778 90
756 765 28
759 985 94
760 892 74
760 990 61
760 993 49
761 954 69
761 960 44
762 835 57
763 789 60
763 822 41
763 885 79
767 794 56
767 868 80
767 971 98
769 967 36
769 980 50
769 989 3
770 863 97
770 895 96
770 987 75
771 959 70
772 911 42
773 824 44
773 930 74
774 789 8
774 836 87
774 921 69
774 945 54
775 883 92
775 911 73
776 807 23
776 926 73
776 975 34
777 955 34
779 803 29
780 786 59
781 892 25
781 912 81
782 788 28
783 936 61
785 902 49
786 966 95
787 858 80
787 990 72
788 849 28
788 890 46
788 904 23
788 972 39
789 791 91
789 803 69
790 969 27
791 860 48
791 952 67
792 998 35
794 928 80
794 989 97
795 954 49
795 958 24
795 974 2
797 870 83
798 938 8
798 957 63
798 970 32
799 861 38
799 982 8
800 831 14
800 889 30
801 878 5
802 903 89
802 963 51
805 931 55
805 987 75
807 977 55
808 880 73
811 904 38
812 843 25
813 895 63
814 889 33
814 950 1
815 883 10
816 838 77
816 850 93
816 886 60
817 940 74
819 887 42
820 859 6
821 842 64
821 890 47
821 926 28
822 928 35
823 883 10
823 964 76
824 842 81
825 942 25
825 983 90
826 838 96
826 843 80
826 873 70
826 887 56
826 905 59
827 918 29
827 967 28
828 983 13
829 870 61
830 931 54
830 990 89
831 957 51
832 889 24
834 971 26
835 993 19
836 924 83
840 856 22
841 893 87
842 867 94
843 947 73
846 893 80
849 961 33
850 916 53
851 868 18
851 999 97
852 873 86
852 958 24
857 879 33
858 865 23
859 935 45
862 957 26
863 965 2
863 997 52
864 910 5
864 942 64
865 887 64
866 957 6
868 902 81
869 977 26
870 975 93
873 948 24
875 946 58
875 988 58
876 916 22
877 989 71
878 927 52
879 911 32
879 924 50
880 980 78
882 955 57
883 920 15
884 888 84
885 998 34
886 902 67
887 992 91
890 946 89
890 988 89
893 906 95
894 918 32
894 940 59
897 990 58
903 948 71
903 969 99
914 920 36
914 933 77
916 949 80
919 999 38
921 971 65
927 970 71
928 952 58
930 946 91
931 998 17
933 976 89
934 958 36
937 939 26
937 983 31
941 998 68
944 949 32
945 985 12
946 981 99
964 965 94
977 995 56
980 993 55
990 996 71
