1000
308 531 59
167 360 8
614 972 5
146 855 96
212 620 92
16 225 35
2 632 100
124 179 58
545 750 18
365 444 57
90 266 72
41 203 42
19 512 82
266 627 41
157 176 38
956 986 92
607 625 85
172 990 22
544 635 39
82 100 8
443 914 37
941 957 36
132 287 2
703 713 75
162 623 58
77 822 96
367 902 50
113 838 7
215 385 25
546 831 95
150 508 94
81 474 76
160 370 42
372 840 58
292 502 27
643 666 25
325 356 16
812 833 59
427 488 33
127 489 82
3 844 5
418 550 8
422 637 51
229 928 100
676 964 29
90 355 21
156 227 89
181 518 43
233 375 63
4 725 39
243 748 29
204 524 93
52 512 63
419 424 26
266 760 63
427 755 11
149 717 7
51 263 35
115 631 48
35 925 6
133 586 80
525 611 74
470 815 80
587 599 40
74 497 90
157 549 10
278 570 96
323 878 62
37 370 2
35 207 37
229 817 68
159 956 72
59 922 63
438 929 34
202 979 52
108 910 71
251 479 41
631 747 88
114 595 54
158 688 45
90 734 83
152 380 10
659 790 57
118 162 14
57 607 67
18 539 47
244 262 100
616 793 77
203 614 10
112 376 63
326 968 29
515 841 98
122 777 79
96 142 92
213 568 89
5 876 83
486 556 43
583 643 17
197 713 15
322 820 23
783 815 96
520 739 41
172 953 98
666 828 64
303 664 22
197 535 5
495 823 31
25 301 12
96 522 70
359 882 45
100 554 31
928 948 97
505 966 69
136 729 47
619 658 71
347 739 41
553 605 56
148 848 34
841 869 51
769 896 11
157 940 76
142 834 80
29 249 90
655 740 49
401 844 3
747 932 63
101 310 29
191 367 45
397 927 68
435 823 21
755 945 16
110 309 70
201 432 58
431 564 50
424 713 5
412 875 20
158 802 50
82 393 65
568 675 84
309 416 23
447 484 56
563 643 79
75 853 44
537 749 29
80 216 49
380 457 28
41 794 55
110 964 25
58 757 25
576 653 5
155 913 21
355 729 34
43 648 43
14 369 5
499 557 64
310 550 86
267 683 17
662 873 15
2 870 56
733 955 52
348 635 35
138 149 27
219 763 44
213 787 9
174 738 81
309 696 62
906 957 31
164 505 67
207 614 86
772 994 97
421 768 52
731 867 49
496 500 50
769 886 52
40 573 73
378 982 16
20 669 39
607 851 27
258 861 26
22 524 33
561 672 78
618 835 94
54 525 91
14 125 22
660 921 29
523 773 34
358 829 14
304 846 17
309 916 99
335 944 51
283 300 7
455 581 2
915 933 21
415 672 22
450 628 52
133 279 4
100 186 20
205 549 46
335 531 51
67 519 79
571 829 71
589 960 66
244 435 13
186 624 38
125 525 20
687 898 50
257 477 38
519 792 40
27 295 61
495 676 15
336 394 66
896 943 64
536 836 47
111 437 97
459 576 79
676 909 56
57 517 90
239 971 18
323 833 60
533 815 74
90 514 58
292 840 14
125 393 24
614 648 95
511 661 44
557 838 48
114 814 13
440 862 8
179 840 3
79 150 23
164 434 64
644 849 22
85 299 80
453 503 12
63 939 92
575 734 79
195 945 13
199 690 83
18 593 52
705 717 98
77 967 16
400 931 45
393 516 41
493 818 33
66 674 47
108 250 87
25 883 91
70 665 93
307 425 37
111 644 45
332 551 3
464 870 33
214 654 69
334 998 12
298 925 47
40 502 90
820 932 78
469 980 79
525 568 86
313 375 41
107 853 98
218 728 91
123 733 32
352 956 36
190 613 38
79 940 99
294 861 67
68 486 97
704 726 53
166 764 83
57 915 23
874 875 29
220 521 50
348 924 50
123 763 92
628 968 40
458 923 99
157 402 87
353 794 41
310 805 19
141 225 25
136 593 12
565 774 81
194 997 24
110 472 28
700 963 86
628 754 96
710 949 67
230 796 30
99 313 90
720 911 90
282 719 74
412 631 39
860 986 99
379 676 57
555 594 16
100 668 96
610 942 3
134 640 83
719 938 55
55 574 76
381 825 42
398 442 70
477 763 41
229 946 44
650 935 90
483 995 48
51 317 52
438 886 14
376 826 8
36 453 14
560 990 42
53 75 84
372 408 3
611 989 79
661 893 62
25 516 1
830 901 94
594 833 93
384 929 64
179 474 7
217 950 56
19 487 23
715 725 32
560 936 32
77 486 77
425 480 19
789 811 71
178 550 55
58 60 7
164 417 82
126 403 25
423 425 20
137 671 27
342 831 15
856 978 90
332 781 42
41 913 76
1 964 48
60 599 3
828 915 1
287 994 4
162 485 74
98 506 20
592 869 67
229 465 54
736 918 67
207 922 5
543 570 93
897 960 77
275 632 22
568 571 66
51 415 36
540 732 10
197 585 89
103 777 42
506 522 86
75 814 46
540 703 9
515 613 5
18 265 22
328 771 49
587 684 41
109 207 51
52 277 48
214 288 42
447 488 36
87 396 93
28 107 74
296 600 24
570 679 1
130 338 42
527 689 93
31 460 77
609 928 30
241 717 90
429 930 86
720 724 64
421 631 36
648 854 23
26 335 79
139 413 49
793 976 57
527 838 39
114 216 36
304 913 8
729 820 99
301 745 88
556 721 96
335 483 76
5 757 6
269 919 81
738 816 5
548 945 60
562 701 67
470 676 2
193 653 93
493 861 95
436 687 8
407 455 70
357 880 49
38 740 30
579 622 68
174 740 77
24 161 17
122 335 43
588 907 77
138 283 34
387 442 50
114 579 6
510 521 94
620 986 9
370 716 95
128 264 80
404 528 87
394 637 91
179 849 49
269 943 48
16 256 28
21 416 21
648 736 58
293 666 42
70 452 37
319 593 76
421 991 55
442 621 6
293 942 24
134 891 21
459 636 42
379 978 74
482 624 44
73 602 43
17 651 91
103 793 64
74 775 61
656 935 53
48 574 72
248 844 85
344 390 4
122 887 61
255 472 84
1 316 57
143 937 42
68 79 78
538 937 47
110 746 4
44 55 73
609 903 40
123 812 77
4 592 37
65 89 3
65 830 21
371 462 81
79 943 10
478 772 10
102 891 30
357 968 42
477 885 81
339 761 57
52 704 11
97 922 84
70 236 68
360 612 95
475 933 37
375 665 22
618 993 96
625 702 70
78 636 97
109 767 39
314 894 58
171 440 31
242 803 95
288 942 18
58 266 49
196 204 91
0 989 55
813 818 51
588 944 16
106 281 49
241 487 8
760 978 90
169 381 79
922 952 69
863 948 8
413 529 46
33 362 25
145 327 73
317 441 2
154 518 90
405 581 15
20 721 97
467 961 29
52 480 63
302 996 91
329 719 41
105 304 25
36 454 94
143 561 65
278 627 42
300 348 21
95 675 48
496 950 89
271 752 43
331 815 17
20 705 73
61 795 66
480 998 24
651 842 34
425 503 70
322 547 45
142 417 45
683 731 33
482 811 93
666 772 24
216 960 98
169 775 96
112 147 19
918 965 86
22 380 86
425 482 70
620 685 68
181 372 100
766 782 73
145 856 30
42 690 54
804 965 5
400 558 39
175 594 88
157 824 59
72 489 64
528 681 5
262 837 58
298 970 53
98 383 26
97 455 70
180 829 73
137 906 32
530 641 1
309 560 18
638 690 35
92 294 64
319 721 99
85 828 49
122 934 65
140 458 50
320 692 38
640 708 66
218 900 20
252 353 29
397 581 72
184 507 46
47 264 3
344 504 63
425 948 86
539 562 41
520 689 31
501 927 47
567 996 79
508 672 65
52 180 25
825 932 19
79 650 16
202 347 2
133 559 58
329 364 92
281 559 85
275 915 31
169 863 8
234 543 80
613 943 42
807 881 71
778 871 26
100 677 91
622 895 67
535 979 76
878 906 94
20 703 13
441 935 12
443 465 20
368 863 22
406 955 57
512 673 52
404 750 27
438 599 54
121 741 77
697 873 61
50 866 44
885 891 97
48 636 80
641 706 4
270 540 47
464 856 68
234 497 98
176 916 1
147 719 16
658 940 43
54 490 25
262 789 50
526 696 41
391 593 67
359 910 82
126 419 20
601 801 85
72 539 43
362 440 48
7 272 51
16 975 100
651 964 2
308 914 99
316 577 59
407 977 96
691 706 80
812 878 33
273 332 76
664 922 98
110 253 39
156 226 90
67 164 54
133 752 59
119 959 86
658 764 84
42 496 61
753 986 2
427 513 45
24 940 65
106 339 9
483 522 43
346 548 96
7 766 70
351 686 88
174 579 8
556 664 39
683 725 100
502 560 26
890 982 55
667 834 11
242 919 63
779 990 7
48 888 35
639 806 57
892 908 59
10 901 82
519 946 96
531 839 47
147 975 41
499 633 47
216 536 42
735 971 48
73 200 67
33 531 27
760 808 82
577 847 71
736 963 8
108 275 77
309 939 100
444 595 30
248 973 39
34 478 41
101 351 29
65 108 42
16 293 22
39 525 62
752 770 29
174 321 90
100 618 24
117 270 3
384 655 64
723 913 88
209 906 100
391 786 86
44 135 43
470 670 28
598 950 5
478 790 87
111 146 31
148 882 91
635 968 72
69 997 95
573 585 52
61 485 82
487 752 67
259 668 64
253 566 12
333 806 63
44 924 24
91 188 87
372 618 23
27 637 38
461 698 3
107 944 3
202 290 83
492 967 59
69 737 84
90 852 54
152 802 29
759 817 86
433 846 36
37 87 77
192 629 28
739 801 62
745 886 67
12 644 39
122 733 38
239 260 10
269 538 11
172 628 75
38 814 39
590 798 9
21 151 86
159 268 81
58 908 97
146 599 49
175 500 68
372 768 28
25 252 45
438 556 31
174 669 29
69 958 75
607 638 55
424 882 85
181 745 42
297 435 20
95 518 40
329 838 17
102 462 98
2 649 39
221 406 6
805 879 96
503 913 39
817 996 24
183 837 79
347 539 23
112 238 57
228 612 23
70 887 35
242 394 82
614 811 92
65 861 65
704 802 74
552 770 34
496 512 56
51 933 5
93 555 99
10 370 33
241 828 29
36 698 6
488 972 31
349 688 83
547 916 8
517 986 6
199 521 86
198 655 70
829 883 14
691 754 65
221 588 48
494 790 40
590 774 63
552 919 72
286 396 53
814 836 27
576 773 52
258 621 15
44 342 90
480 949 80
348 524 77
82 753 55
544 764 82
126 758 94
314 729 23
549 580 60
105 264 6
440 583 60
166 889 83
127 423 66
114 575 95
61 817 61
417 767 93
261 458 32
450 540 97
76 341 32
482 649 83
227 800 22
641 842 40
204 622 99
204 666 88
286 615 43
380 443 15
93 313 43
22 71 50
497 733 72
688 930 19
27 533 83
254 403 24
323 823 100
518 617 13
45 594 73
375 577 13
450 940 56
374 601 4
579 631 26
35 484 61
120 783 45
403 827 9
156 532 60
519 751 23
28 903 39
95 932 81
30 155 61
289 713 45
51 258 20
239 984 69
615 776 44
321 337 4
325 895 73
96 668 34
141 805 76
475 487 81
488 788 70
68 372 81
862 913 38
58 74 67
633 680 65
899 979 4
325 447 49
164 198 17
379 902 74
807 824 22
140 506 10
553 707 12
440 989 5
367 681 67
485 552 30
274 774 59
244 694 97
257 555 31
157 659 37
98 250 88
830 890 77
542 825 87
496 712 11
524 920 25
648 853 22
563 583 1
299 557 27
11 90 48
271 486 96
836 943 51
50 895 50
516 537 71
295 762 74
190 873 33
273 515 21
326 351 47
66 153 65
254 984 52
102 984 30
343 685 72
32 145 68
63 267 42
439 708 56
326 927 23
135 505 7
336 618 31
823 962 75
65 646 44
204 813 26
268 444 99
9 548 38
832 838 39
121 669 52
370 619 60
685 737 95
313 784 58
49 697 6
455 935 42
266 382 5
774 988 76
82 888 57
421 981 67
419 919 23
252 712 65
530 775 79
644 986 1
213 359 34
3 562 79
107 744 13
835 855 32
177 999 10
98 651 28
85 950 90
190 371 40
191 722 48
260 735 14
7 304 40
919 955 71
255 824 48
435 632 74
593 989 59
77 751 1
519 660 23
410 557 69
308 616 64
814 919 37
794 985 99
322 500 21
344 625 16
759 953 81
45 294 42
553 988 78
620 709 71
193 446 61
309 900 43
684 808 39
256 495 6
35 180 45
159 918 82
664 993 40
729 925 37
380 914 73
37 46 50
141 832 93
16 27 71
473 786 12
74 556 42
167 558 55
218 265 71
94 880 89
32 374 21
709 759 79
60 309 58
112 510 46
263 760 34
365 419 97
50 177 17
292 678 6
456 530 9
45 549 17
371 614 55
258 472 65
121 436 48
422 704 94
546 808 8
381 684 56
792 978 9
22 258 25
217 612 92
237 916 69
155 709 2
52 819 40
477 524 56
553 897 3
316 711 49
309 783 36
446 890 20
102 738 63
510 532 55
1 127 36
98 465 84
163 914 80
29 833 19
98 418 43
329 842 56
519 558 28
324 535 41
286 764 54
160 192 66
28 41 25
713 852 77
51 987 99
7 329 13
664 709 55
256 281 21
286 564 22
253 558 70
518 738 71
64 973 65
605 623 87
82 808 32
434 625 84
121 881 68
49 252 8
58 473 24
576 989 72
220 743 45
432 809 55
246 316 77
590 739 13
190 491 76
157 467 53
154 661 89
566 858 78
184 830 60
428 672 56
121 431 23
593 603 55
730 777 13
432 665 97
343 907 18
4 899 92
37 52 21
38 110 43
653 945 79
60 801 53
110 425 17
326 937 13
639 778 29
7 193 95
75 557 50
58 326 27
367 965 50
333 663 12
547 814 62
538 808 20
288 527 80
291 850 67
680 810 48
629 654 7
250 644 65
375 446 20
512 821 59
41 261 87
244 413 97
339 417 76
368 875 86
339 448 32
119 152 26
368 560 93
238 376 74
100 508 88
354 844 36
419 866 10
528 673 97
606 667 77
568 697 7
656 757 61
485 503 12
110 453 10
68 777 22
427 436 63
402 603 16
743 861 50
591 597 46
610 690 91
344 397 77
286 474 61
150 563 70
240 483 49
157 468 52
455 772 77
560 747 83
169 851 72
113 878 51
130 177 47
266 287 20
721 796 14
322 530 34
32 167 35
43 658 66
177 490 41
43 695 23
325 907 3
368 384 97
540 929 5
262 490 27
752 894 10
109 407 99
96 255 31
135 347 90
443 495 39
268 470 57
308 773 26
509 596 48
52 406 24
817 826 54
675 807 51
512 835 1
304 865 18
3 973 100
191 471 11
565 759 36
723 824 61
254 552 88
136 193 33
216 307 78
229 482 50
51 743 39
783 884 11
6 596 73
79 350 43
521 801 26
225 468 66
485 773 11
327 483 22
478 809 31
224 868 40
749 824 72
44 751 96
449 837 81
85 614 67
741 766 88
81 196 23
194 290 32
401 420 57
267 455 18
364 437 64
289 977 81
737 757 4
119 608 72
588 780 10
535 787 5
754 758 23
26 828 29
111 717 28
23 146 1
113 462 27
77 907 46
150 615 86
200 736 12
222 983 73
284 681 12
532 748 43
30 830 5
138 700 94
81 249 59
135 160 3
339 573 54
203 819 51
813 885 25
741 872 99
315 589 87
735 960 57
537 812 83
56 894 29
212 441 37
217 912 22
174 509 23
368 748 15
155 778 86
160 813 10
770 930 99
605 861 79
576 612 76
298 892 72
302 908 86
559 987 52
256 580 61
102 513 59
315 576 87
221 354 14
13 342 27
317 531 89
91 670 53
210 940 58
249 288 92
628 930 7
235 919 28
403 481 69
350 849 21
101 786 4
49 135 79
459 873 3
265 687 86
844 903 18
611 843 29
539 679 68
318 730 32
614 821 10
367 642 71
612 958 32
566 772 69
63 551 99
622 695 2
610 724 65
77 704 56
8 173 32
13 47 15
249 403 9
188 981 29
130 625 10
8 653 48
285 602 14
29 229 24
126 511 68
270 417 79
214 904 43
184 550 96
73 888 10
467 725 22
148 452 40
409 450 60
345 936 9
552 694 90
492 594 90
562 800 41
228 341 33
869 928 48
174 535 88
377 569 24
463 994 38
20 326 12
25 661 34
46 279 14
336 857 68
899 984 84
90 870 42
382 956 68
475 503 76
90 97 67
548 743 51
675 846 79
99 440 51
691 696 74
186 618 31
281 712 79
602 960 54
348 700 7
37 188 27
325 651 28
144 585 94
577 614 36
808 923 60
650 832 58
519 891 32
76 981 80
81 472 25
173 625 97
141 514 100
411 851 23
483 810 5
14 136 36
877 932 32
90 967 95
41 648 13
338 770 94
23 774 75
568 726 68
382 465 73
240 801 85
24 613 35
388 651 95
487 899 86
488 985 71
263 264 29
379 571 75
222 533 65
225 339 10
197 738 98
771 868 15
46 862 37
740 851 62
773 885 36
162 858 86
2 583 11
330 698 95
345 787 76
812 857 14
751 948 52
578 788 20
590 875 10
239 386 53
613 844 9
473 633 22
617 671 34
4 588 19
595 793 89
743 809 73
146 287 37
656 822 43
16 149 9
326 550 41
193 474 11
486 488 41
416 763 40
527 940 63
106 241 94
321 805 82
335 742 58
535 916 17
16 767 5
460 853 100
750 764 57
474 871 13
340 933 13
568 800 9
208 365 77
161 727 61
579 770 70
398 714 97
133 241 91
556 815 72
244 348 41
752 784 84
425 770 88
4 95 20
48 171 29
10 284 2
215 850 87
42 236 21
79 122 41
279 405 33
369 634 78
113 982 28
120 927 82
500 886 21
484 607 52
419 831 41
558 600 50
60 191 14
14 991 38
19 896 22
17 923 39
143 390 39
94 435 68
701 985 84
357 401 92
74 893 14
158 817 68
20 955 99
567 754 9
514 786 18
168 292 58
173 947 87
523 566 24
151 727 34
322 885 11
942 990 31
7 743 41
785 985 63
230 789 8
188 437 18
281 517 22
281 288 69
756 928 9
200 239 61
284 718 59
265 914 68
270 297 16
52 966 27
33 177 76
100 720 100
111 870 5
198 499 31
1 5 33
357 693 66
490 715 94
339 623 21
115 290 27
97 479 23
497 942 20
200 449 55
72 709 31
383 453 6
157 951 83
60 404 16
312 745 33
197 629 77
351 420 83
621 952 75
77 161 97
176 591 40
207 515 16
771 982 40
844 899 22
643 955 96
484 786 1
726 983 2
186 403 44
118 236 43
287 717 100
559 561 71
451 878 93
561 999 75
19 20 25
794 884 79
98 872 92
296 682 14
233 913 86
494 966 33
332 539 83
407 886 22
576 677 69
78 895 35
29 463 29
112 333 11
478 573 42
142 991 24
877 952 15
298 333 30
500 730 51
115 231 48
238 814 32
226 353 94
400 802 97
693 758 55
52 551 97
53 556 22
92 838 88
269 440 47
205 886 37
51 376 47
114 357 36
156 899 19
287 601 98
43 864 90
470 539 91
581 805 60
675 733 29
132 915 29
128 886 13
153 224 14
114 179 80
504 545 47
457 689 80
93 440 98
365 858 53
229 956 3
513 617 76
588 666 67
618 999 78
414 851 88
117 162 52
138 624 75
456 875 21
64 443 33
277 900 42
598 602 68
723 940 71
337 869 66
216 958 83
127 195 69
157 182 99
307 669 13
205 416 16
239 258 78
64 871 25
812 905 71
798 821 92
329 953 3
431 849 45
582 773 11
3 815 75
488 499 87
769 899 11
103 785 73
473 618 52
651 798 78
941 951 3
187 643 19
329 692 52
136 831 54
411 732 89
441 780 68
353 773 53
224 570 3
229 235 24
418 745 70
24 461 54
69 493 35
414 702 46
288 623 91
74 88 97
220 882 5
15 610 6
597 686 61
318 792 84
27 407 2
678 776 77
114 645 12
264 746 69
489 972 80
744 991 86
286 947 3
628 742 25
779 930 32
323 437 70
674 886 78
26 943 16
824 958 96
30 222 8
602 632 94
356 668 97
88 430 48
0 199 11
27 887 9
77 845 7
157 877 74
349 397 16
369 471 41
444 821 79
355 817 47
215 714 71
340 453 52
255 310 60
18 171 91
28 72 91
61 639 30
40 42 58
47 604 100
63 251 97
122 738 93
210 854 40
136 521 86
406 425 94
834 994 56
113 468 95
357 982 11
789 790 39
599 895 44
765 955 88
253 367 55
759 920 70
371 700 97
335 819 98
138 425 2
375 891 64
374 959 25
686 976 41
313 747 98
605 971 19
69 817 78
77 253 74
100 695 57
42 736 76
781 842 43
365 413 4
491 952 68
62 133 57
125 320 24
266 720 56
279 487 57
400 599 96
537 675 76
243 659 58
343 720 97
373 842 79
439 523 90
155 179 7
105 239 48
384 767 26
522 616 62
384 545 67
520 988 17
286 670 40
249 706 8
234 493 6
540 722 17
313 367 40
8 961 6
252 444 64
467 643 91
574 954 82
641 949 84
316 573 53
114 769 80
310 576 89
737 993 89
184 648 13
573 834 86
376 939 42
637 849 2
119 552 25
552 670 50
658 868 54
75 591 52
786 851 3
391 485 74
673 800 57
337 425 96
755 946 19
518 815 48
16 997 20
745 940 34
135 510 19
231 932 7
237 816 1
366 411 8
89 111 17
263 612 61
163 877 7
449 557 26
209 477 75
308 424 38
325 949 20
50 710 46
258 447 67
452 987 51
309 887 60
110 245 10
248 485 37
503 664 82
623 724 51
62 286 29
614 778 13
182 962 50
529 584 92
304 760 78
234 861 87
293 353 26
660 688 63
397 497 20
285 956 21
820 883 50
343 638 3
463 717 19
310 941 28
626 685 11
457 940 67
253 656 94
224 263 60
725 831 55
142 771 77
612 869 1
145 429 92
136 932 14
322 394 76
505 903 97
89 325 35
102 390 33
646 987 30
42 813 16
85 578 79
244 388 65
257 674 74
420 882 79
696 937 86
302 354 86
478 609 13
227 717 67
0 66 18
337 931 63
67 526 98
151 655 39
785 974 79
639 902 71
568 848 11
522 526 27
325 437 21
512 860 19
798 894 5
433 862 24
533 837 84
44 617 80
133 946 38
460 546 63
793 854 57
651 717 15
246 999 63
17 321 38
77 272 72
460 603 66
111 292 33
644 846 93
100 949 79
115 531 55
307 675 89
32 704 92
78 913 56
632 811 52
361 811 18
324 598 59
289 634 56
808 925 74
391 872 58
446 916 93
161 350 80
391 952 70
780 864 46
162 659 5
1 766 10
282 532 16
771 890 80
428 662 50
153 257 29
1 274 100
449 641 90
332 899 68
81 334 64
346 601 38
121 233 7
100 466 66
615 915 55
561 952 13
495 946 38
441 642 73
77 543 99
691 847 96
330 539 41
551 783 31
6 316 77
349 930 78
12 953 22
118 361 94
514 702 63
31 674 61
528 966 92
304 425 78
716 955 30
295 963 25
266 949 37
202 805 7
377 861 11
397 479 82
327 684 44
690 861 64
322 873 47
81 591 1
172 234 39
398 686 62
108 280 55
474 764 32
483 933 60
220 791 49
629 750 61
304 879 39
73 680 78
228 804 11
94 884 92
561 921 61
311 394 59
108 565 66
389 930 10
680 972 96
176 881 15
288 718 86
198 399 36
700 860 63
226 511 63
500 705 38
312 702 7
380 417 8
60 348 33
251 516 58
184 656 93
170 982 6
53 399 85
568 716 70
574 637 48
544 610 43
101 834 76
54 789 63
494 666 5
303 932 67
525 706 65
735 924 95
53 466 61
619 843 64
331 847 26
317 827 25
288 960 93
414 696 95
65 437 56
152 969 17
239 968 93
701 855 90
224 339 79
268 798 6
441 563 12
350 422 47
348 819 18
275 867 25
161 285 90
695 794 49
7 614 29
262 660 32
301 587 6
392 950 13
122 392 82
213 331 96
759 867 85
387 594 55
17 335 70
83 723 94
316 429 4
319 546 5
236 421 77
69 182 46
573 698 93
37 85 34
427 837 62
357 632 10
240 432 46
23 574 29
477 863 10
546 623 55
361 770 100
44 737 96
545 661 62
791 942 94
274 350 10
35 388 64
230 873 32
106 585 63
16 682 57
751 754 38
106 109 69
362 577 99
567 940 60
8 998 22
297 853 18
555 854 25
276 477 79
91 904 98
17 731 75
445 523 45
33 616 91
155 458 18
8 927 4
505 964 2
284 538 55
79 697 96
292 444 74
332 850 57
588 631 14
488 638 82
118 363 23
156 233 3
143 400 84
219 291 29
290 650 74
351 456 27
362 982 34
535 797 77
171 918 47
191 719 68
546 719 71
317 665 96
215 804 58
297 661 14
182 607 84
506 846 97
576 844 100
83 571 52
379 887 40
365 745 76
16 998 59
386 750 87
68 678 46
148 855 31
289 485 85
336 609 23
518 723 9
261 685 65
623 673 5
946 996 96
625 779 72
351 697 80
558 614 80
316 990 21
581 906 40
104 186 50
155 603 49
205 371 11
369 873 38
48 258 94
175 757 23
29 122 9
210 276 47
456 665 4
19 278 22
792 796 26
517 648 36
33 154 77
86 554 22
527 933 19
49 615 85
741 820 14
447 763 31
164 978 20
18 597 37
106 823 86
572 725 85
365 631 59
722 904 29
95 668 13
212 355 9
610 816 78
32 970 56
390 930 63
373 520 29
304 431 61
59 194 45
599 947 27
170 327 17
686 799 78
62 228 3
272 647 34
26 588 88
309 385 30
320 849 41
16 656 12
335 859 65
44 253 88
359 390 45
41 167 71
395 913 2
751 923 3
953 998 76
33 197 79
169 273 20
389 797 12
616 953 78
224 561 95
430 808 16
53 757 53
84 633 21
141 966 94
109 754 72
357 780 81
288 721 86
162 451 25
400 473 67
35 91 86
80 700 72
606 869 75
489 898 47
538 745 89
404 934 1
59 542 51
145 980 43
115 201 98
439 511 96
629 802 43
279 426 33
418 631 31
63 765 4
369 895 13
252 506 57
101 718 86
797 888 31
137 467 26
87 582 91
356 878 7
100 114 83
53 796 70
519 801 27
534 573 43
655 825 9
176 953 86
63 502 49
286 654 81
549 790 30
513 670 88
371 978 44
327 857 16
738 793 94
0 707 11
519 735 80
169 455 60
517 536 65
223 859 40
449 694 41
323 871 74
105 653 95
490 598 86
357 456 91
798 884 17
223 471 1
104 308 17
215 820 24
44 377 91
78 348 89
162 941 36
282 888 83
43 997 73
140 281 41
857 983 29
293 940 100
500 794 83
247 351 19
73 335 23
202 434 59
338 879 47
28 213 39
591 791 96
2 461 92
397 758 62
410 876 79
34 834 69
376 956 90
672 806 84
574 594 45
205 578 24
420 893 31
481 919 17
107 863 28
110 251 31
142 481 9
456 813 24
529 967 39
236 793 68
739 862 22
431 773 60
530 534 21
85 915 81
515 877 19
307 347 40
902 961 23
32 525 97
50 287 28
87 618 52
