1000
585 590 23
620 854 9
579 832 62
141 340 82
126 306 54
32 550 93
499 751 78
167 704 27
586 886 6
280 436 44
619 825 11
378 827 24
345 809 47
403 472 70
719 767 30
383 536 38
505 779 3
23 712 27
367 930 26
466 476 63
373 551 21
354 420 14
19 819 77
417 609 93
635 955 36
25 744 1
446 870 11
471 518 90
737 892 68
968 985 46
1 102 82
364 860 37
396 948 13
361 872 70
831 941 69
23 713 56
216 765 91
118 818 82
411 501 60
562 780 88
468 908 62
440 481 96
636 982 39
163 979 13
129 386 5
130 915 37
640 909 48
536 811 65
39 901 14
261 780 35
399 715 97
363 822 26
91 713 41
350 973 42
72 525 43
490 680 35
486 648 55
113 995 95
34 725 79
85 475 76
366 985 28
258 285 86
398 487 6
589 648 66
872 981 3
43 720 23
287 663 79
56 725 12
577 987 30
441 795 5
101 355 39
196 403 77
478 924 38
132 284 92
371 405 68
199 707 63
325 518 49
27 948 54
299 389 33
43 332 24
33 548 79
760 856 82
228 825 63
52 207 98
697 699 43
473 581 61
359 842 97
562 573 49
311 822 73
561 735 97
93 169 68
18 884 98
153 455 91
40 130 15
155 198 61
490 882 9
483 572 71
797 930 48
22 362 53
448 733 27
19 73 97
414 757 90
623 655 87
881 996 57
211 981 77
384 756 37
95 856 85
421 499 69
767 930 22
441 961 58
153 415 21
197 921 40
406 980 3
337 903 57
78 116 7
659 987 85
106 130 9
286 694 4
264 828 62
367 853 90
387 450 80
511 698 25
651 905 93
296 529 14
148 460 77
387 609 87
413 559 23
254 346 14
124 407 80
18 247 16
529 804 28
644 693 30
32 996 33
84 749 68
313 989 10
311 482 43
830 886 33
127 187 23
395 861 43
660 767 94
89 501 35
488 755 19
564 764 84
275 850 41
185 420 44
295 723 19
378 989 13
457 892 67
407 645 20
25 929 98
578 835 48
104 553 3
43 158 1
639 907 78
3 651 20
390 574 29
717 977 48
399 746 7
221 279 4
259 753 45
435 476 66
343 976 14
32 248 81
19 565 23
203 845 23
288 371 92
61 826 93
302 584 40
650 894 72
27 679 65
220 461 33
4 887 45
20 304 10
354 658 97
154 610 63
52 797 52
274 782 91
271 698 32
14 355 95
273 938 76
282 414 65
4 300 93
518 563 64
337 627 47
561 922 85
430 452 3
125 534 84
757 808 77
477 961 17
480 828 95
229 601 73
110 129 27
543 621 52
221 704 77
586 630 27
82 833 6
174 599 93
609 826 29
706 851 68
45 711 67
390 762 98
688 889 62
104 700 56
464 573 73
677 712 44
240 983 80
7 246 18
138 773 90
254 925 66
7 839 55
215 622 65
264 507 6
621 990 21
178 252 8
262 940 87
442 883 62
801 863 21
101 652 49
364 918 20
128 358 88
831 874 89
171 306 21
195 732 30
215 974 72
64 184 11
137 281 96
439 694 73
157 886 77
146 519 49
160 477 11
592 619 12
439 724 91
148 181 64
780 822 17
67 828 99
690 786 68
413 703 71
409 550 25
223 594 67
372 625 56
208 559 68
366 540 63
66 473 16
413 935 89
248 472 51
137 723 4
197 926 41
546 732 40
356 477 16
94 738 37
373 810 92
428 896 54
449 593 65
93 692 5
176 343 63
200 902 21
150 317 62
354 729 50
242 835 99
664 923 97
701 767 51
223 272 15
167 350 55
108 567 39
63 240 10
167 664 73
898 961 15
654 960 43
412 768 99
118 775 32
7 201 8
15 175 14
800 910 23
123 575 82
405 534 29
142 201 38
632 925 80
518 976 15
443 862 12
270 461 10
67 337 13
625 762 48
133 507 96
63 365 70
733 782 21
722 743 24
278 916 17
200 839 7
333 336 69
815 869 16
785 798 29
828 954 80
252 306 45
131 859 6
746 788 7
175 513 41
307 987 67
455 880 16
797 812 32
52 465 91
184 212 89
114 142 92
390 633 86
600 702 84
147 339 65
711 818 78
881 993 55
54 152 15
409 450 75
638 775 44
236 577 40
324 474 99
878 958 30
93 235 90
586 701 89
236 745 53
227 436 47
250 412 1
175 881 42
293 468 24
244 913 62
47 423 29
250 426 74
322 849 51
410 644 43
55 79 83
46 129 74
340 789 45
39 518 20
463 725 63
354 982 29
498 774 86
504 552 8
134 828 86
149 196 58
225 567 27
217 995 53
197 913 46
294 862 2
156 909 25
382 508 42
229 802 76
266 969 100
540 924 44
68 156 92
383 917 93
301 522 78
293 344 77
470 488 58
774 969 55
131 797 6
248 303 39
43 71 3
24 384 78
246 715 50
525 805 50
117 800 2
643 695 67
258 492 52
124 878 65
785 931 31
373 596 3
841 962 65
318 468 83
460 730 83
485 854 54
712 757 70
37 252 99
18 742 66
169 535 43
20 888 31
119 271 45
108 396 7
242 547 11
175 600 22
445 910 8
271 596 18
418 683 34
131 937 8
667 709 58
520 955 51
197 796 82
75 852 31
303 963 17
72 140 13
383 756 9
170 428 97
707 822 70
430 923 21
748 832 8
414 892 84
8 515 99
428 620 93
493 505 21
31 201 14
856 948 65
736 914 45
174 532 1
773 840 41
496 982 69
65 167 9
157 947 61
33 213 35
769 965 35
50 271 91
31 123 79
122 452 85
492 586 7
104 136 62
387 788 100
140 725 25
169 959 88
585 864 52
154 786 94
146 574 19
61 373 96
528 692 83
32 364 30
91 209 43
199 405 20
247 543 55
96 868 41
36 449 87
133 879 9
59 597 26
39 57 11
212 267 19
252 577 58
443 671 76
606 906 29
182 895 65
248 752 6
368 632 35
115 658 81
318 497 17
83 522 39
443 971 74
356 378 41
827 949 33
463 764 63
70 107 81
148 810 76
291 596 81
426 812 58
555 677 72
357 385 72
187 206 83
627 814 88
205 818 17
233 799 7
49 128 47
85 757 92
380 381 74
462 794 32
6 653 61
252 521 26
385 480 8
352 733 91
32 214 17
429 679 43
19 977 20
394 708 19
139 951 49
577 771 34
270 516 93
290 654 34
312 928 4
687 774 46
205 807 20
21 496 81
256 610 28
8 976 26
220 403 5
80 605 5
246 632 41
475 675 19
80 655 43
387 939 8
491 614 43
110 245 39
344 635 41
264 615 47
570 844 67
203 819 49
77 284 6
337 580 55
24 485 98
239 617 34
290 532 15
706 760 60
272 394 21
9 196 19
145 701 65
342 786 11
28 85 26
330 663 70
178 530 64
237 315 91
876 978 36
107 924 54
274 563 94
63 444 46
349 724 24
844 892 18
841 994 50
780 827 34
73 258 60
15 468 97
29 761 79
134 850 30
400 515 47
66 701 21
488 861 82
318 433 63
190 928 14
35 105 37
95 253 66
11 457 53
86 825 10
287 306 13
309 396 33
264 629 41
212 744 62
309 519 6
180 368 97
761 969 25
405 601 93
18 578 5
207 604 97
313 525 41
630 957 45
224 406 61
14 223 55
230 537 29
527 781 38
346 985 61
484 967 49
481 905 20
73 532 62
21 198 79
182 785 73
274 377 1
0 500 76
182 372 36
565 640 22
448 609 19
170 286 81
51 980 53
71 730 57
441 483 80
746 756 73
284 817 66
21 42 47
224 320 15
393 853 29
522 758 26
268 692 98
46 124 56
509 705 82
414 533 1
694 958 1
628 946 72
216 866 42
43 315 30
142 194 36
304 730 76
297 966 6
649 688 70
32 974 5
795 837 30
80 520 59
23 753 36
635 706 17
656 834 86
187 849 24
8 829 61
308 553 56
32 736 81
389 964 27
266 334 51
202 609 83
223 933 14
523 818 54
772 844 9
554 623 62
160 618 1
503 814 93
622 947 90
406 826 34
536 813 52
198 862 5
148 829 36
99 344 2
740 838 52
462 892 72
182 416 18
317 397 26
265 325 35
837 845 78
647 893 27
814 959 91
130 189 59
168 647 7
358 667 57
447 807 79
337 889 10
164 259 18
228 402 62
426 747 43
487 801 54
242 539 91
771 938 92
311 853 83
283 997 52
411 499 48
127 952 14
95 783 8
67 128 22
123 571 23
481 988 67
475 840 46
750 783 68
978 999 80
333 513 59
159 273 61
301 516 4
15 349 9
568 792 47
615 999 87
245 313 39
251 292 22
89 215 48
117 166 65
398 459 89
784 851 28
113 759 25
385 790 31
187 645 52
319 985 24
375 532 34
273 633 79
265 768 65
455 764 31
13 550 6
551 756 28
430 711 1
768 990 99
160 461 73
152 441 40
338 411 71
102 394 31
32 586 23
505 701 38
131 362 86
109 891 54
30 355 46
369 793 54
778 851 53
217 717 95
630 746 21
163 897 43
655 896 44
186 627 56
366 578 73
667 685 86
330 966 8
124 300 51
374 716 98
343 424 56
38 890 28
367 502 58
70 671 29
226 462 30
320 860 19
712 730 90
419 988 10
400 432 9
164 387 82
414 958 41
530 783 75
134 187 19
289 443 42
863 909 89
260 958 27
362 915 62
179 678 5
299 848 72
511 856 59
342 723 84
571 969 49
27 727 53
817 834 96
458 976 62
39 440 6
56 153 99
74 318 17
44 487 57
594 644 83
528 794 23
334 962 51
49 88 88
419 752 59
308 344 62
914 941 2
67 925 90
433 642 39
60 762 17
327 697 8
40 536 6
536 864 33
254 272 9
717 856 89
248 829 2
305 926 39
427 694 73
380 408 10
392 442 21
681 773 60
126 314 34
98 751 29
502 596 84
274 765 78
174 947 20
168 181 85
128 169 99
400 407 32
240 989 15
167 297 23
172 357 43
210 980 60
286 928 94
391 574 67
12 535 49
48 524 61
592 886 57
433 881 42
77 391 22
116 183 95
158 347 46
49 83 61
232 804 4
126 843 55
934 957 84
25 557 6
141 215 45
106 812 36
535 599 66
726 829 66
40 233 76
229 594 44
48 183 47
831 960 16
728 926 55
192 364 81
262 674 58
575 617 47
166 757 96
787 983 74
185 726 83
436 799 23
339 992 56
185 437 43
12 78 99
123 842 82
3 94 87
550 813 50
786 790 52
138 151 29
21 647 20
575 843 91
566 922 64
72 757 30
134 641 64
168 328 57
254 255 60
574 895 71
499 794 20
179 315 53
286 940 28
366 474 44
341 369 18
157 820 31
194 567 75
160 303 3
470 702 99
686 892 60
96 447 94
107 621 95
802 820 7
353 920 41
611 849 87
556 571 50
474 824 91
56 570 52
36 51 75
187 898 16
28 927 66
433 450 88
667 986 11
757 949 27
241 370 44
466 965 10
108 176 48
347 515 4
516 924 64
561 722 3
151 499 95
341 439 31
127 292 66
615 736 20
132 770 97
164 987 92
709 830 80
325 524 36
843 853 29
488 558 35
99 971 42
440 776 51
185 328 7
152 777 100
361 632 83
344 838 7
154 292 81
126 436 29
463 864 46
815 819 41
475 935 96
103 784 34
802 907 21
319 592 48
168 725 1
565 734 91
82 556 19
133 526 4
93 761 38
51 998 76
244 653 40
185 676 82
296 707 52
219 248 41
357 853 33
196 204 31
200 219 9
117 169 85
425 502 92
79 290 42
99 785 22
356 619 58
104 642 96
715 836 74
565 939 7
381 603 15
364 584 98
98 398 12
181 946 31
660 794 34
220 449 54
351 700 18
168 436 24
54 938 50
302 552 49
776 831 16
419 581 87
7 27 34
113 533 46
454 600 58
615 824 47
380 810 27
67 134 88
434 825 15
411 638 92
493 966 7
28 232 9
401 959 54
222 572 50
66 463 69
515 815 29
209 265 78
291 892 64
906 911 25
16 562 46
737 796 34
100 664 91
204 552 83
55 243 22
641 850 17
377 737 87
223 291 5
249 489 64
21 537 38
34 839 3
438 620 21
66 539 54
207 237 100
229 385 75
691 753 86
163 898 79
263 931 95
512 907 60
371 764 73
28 420 1
168 922 85
782 902 49
767 871 53
436 744 82
809 934 57
325 363 62
299 543 87
626 897 59
432 732 96
625 835 7
148 314 100
57 244 16
552 803 82
519 658 38
180 945 9
124 971 62
656 979 36
59 759 65
57 541 5
188 193 3
319 398 19
21 494 21
205 554 39
272 791 77
468 478 28
265 566 13
240 799 80
58 367 32
256 321 67
546 678 32
174 310 30
317 426 43
138 834 5
528 584 44
94 886 24
476 770 13
416 521 23
64 377 6
505 798 33
501 997 92
301 781 11
170 458 18
145 321 3
708 751 1
594 710 33
752 872 92
41 96 47
174 335 46
85 836 77
417 736 86
451 640 80
587 732 32
655 907 64
356 677 33
40 806 90
109 449 75
40 834 77
507 632 90
17 179 63
199 884 45
142 974 100
5 68 87
668 690 53
759 848 53
715 852 61
250 466 21
87 599 72
40 507 78
599 672 74
71 149 33
459 746 11
132 428 50
133 824 87
211 358 9
76 746 69
176 551 38
43 157 42
6 288 65
97 467 67
330 343 80
139 785 94
580 736 72
318 690 30
320 658 12
45 411 89
364 529 18
183 308 82
528 998 66
52 927 48
283 428 26
669 975 84
462 601 72
35 987 53
624 867 68
53 365 92
80 408 61
638 856 93
480 857 36
21 550 7
72 454 64
624 895 7
535 537 27
345 831 18
203 542 59
401 996 52
310 377 62
749 759 19
63 115 28
83 444 24
578 937 46
574 891 94
143 626 84
704 955 38
112 867 95
148 928 31
399 699 63
182 351 69
503 708 35
53 989 88
59 397 33
63 996 92
909 927 77
652 908 95
459 577 18
106 138 49
343 955 92
211 543 25
240 433 21
437 589 24
651 832 94
6 548 65
299 946 87
97 355 19
289 703 27
239 410 81
605 736 39
173 754 77
7 344 38
572 661 71
653 918 65
225 830 56
442 721 25
620 740 29
353 997 73
57 600 93
582 712 27
302 517 29
113 204 31
767 892 61
165 556 75
742 779 77
799 957 77
530 675 29
271 513 32
516 893 35
316 761 97
585 609 59
711 947 20
157 946 41
51 624 88
17 36 51
388 825 78
184 190 7
676 723 92
332 902 22
331 402 64
714 868 58
467 907 97
66 538 64
363 376 82
581 703 68
504 639 32
316 816 62
132 790 96
68 543 97
394 741 95
362 589 24
92 412 11
256 715 34
335 928 20
221 712 93
378 669 52
925 984 31
104 509 90
348 457 55
291 429 39
224 977 39
343 432 92
579 892 20
186 844 28
462 632 44
262 788 20
746 851 31
468 725 80
46 653 11
457 842 33
7 229 6
496 627 98
47 734 53
46 275 79
19 947 80
162 482 45
274 871 77
177 706 7
585 792 66
280 577 47
19 210 93
62 857 71
661 702 54
541 654 61
555 711 90
427 672 21
127 560 72
210 620 78
445 955 3
290 880 42
211 603 13
104 955 48
485 977 53
52 853 84
38 283 21
449 751 96
669 749 15
528 835 70
423 736 44
489 511 99
180 682 82
451 631 82
486 905 50
758 916 24
779 849 75
245 629 89
211 778 37
441 707 17
923 934 77
324 813 96
607 841 14
581 993 31
543 911 39
676 789 81
21 457 85
464 852 33
13 637 19
396 589 84
470 874 40
486 552 48
149 855 6
522 735 70
425 963 77
25 989 86
446 957 62
182 815 32
82 876 24
492 910 25
248 757 5
719 815 52
385 411 65
277 319 59
196 564 59
289 672 76
163 317 11
8 125 34
14 390 60
354 731 94
476 846 85
680 938 100
664 984 77
74 361 88
527 694 84
46 297 29
112 672 65
563 792 43
535 910 59
343 821 96
713 973 47
265 732 54
421 625 51
230 457 20
420 641 24
686 733 94
319 556 41
733 982 35
66 292 13
578 605 76
286 422 7
296 935 50
380 491 77
650 953 89
112 475 67
184 226 28
494 539 92
481 652 44
84 908 46
188 399 49
117 642 84
842 964 90
96 697 54
663 948 73
453 487 30
331 526 74
366 384 47
353 755 42
106 511 74
324 514 92
13 604 43
0 943 81
548 770 42
771 981 27
345 933 84
52 468 15
416 562 79
548 727 69
582 999 54
33 810 21
143 324 63
552 989 78
66 340 16
638 968 21
414 766 42
74 567 95
284 898 66
530 606 14
219 706 98
46 498 46
773 889 12
618 760 61
379 380 37
381 742 9
485 597 99
108 329 2
674 768 93
37 608 60
482 776 35
100 245 3
108 399 78
803 868 88
153 598 41
208 738 5
272 375 91
66 680 92
35 973 85
142 315 97
878 972 8
455 969 54
418 484 28
64 168 84
657 935 4
208 594 11
654 675 89
356 871 95
106 904 92
99 561 25
298 560 92
285 620 65
215 449 86
358 664 20
196 465 47
464 755 41
770 798 10
65 824 64
19 289 61
192 627 70
584 855 8
318 792 26
263 906 54
231 868 33
715 835 98
701 980 46
346 580 75
281 544 89
4 418 39
416 998 31
452 611 29
110 917 59
211 992 11
109 194 73
203 490 99
100 426 29
189 983 99
621 663 46
393 931 4
360 829 28
99 880 75
342 464 81
816 924 11
72 206 68
125 944 80
178 934 78
744 975 26
436 482 99
754 761 45
279 333 80
167 943 88
164 802 57
279 512 6
134 823 4
52 195 29
151 918 21
610 670 13
17 434 9
144 586 7
11 910 45
388 936 76
131 484 92
223 404 34
36 735 11
764 793 30
243 515 77
82 783 48
772 821 68
149 981 82
451 461 30
245 361 84
389 795 91
518 942 91
322 844 55
436 617 30
535 768 4
90 707 9
79 441 45
85 341 15
206 557 66
44 893 66
655 744 91
4 456 14
112 337 16
397 461 1
74 247 72
67 436 79
646 881 99
585 746 51
337 604 60
160 256 89
60 422 19
462 789 49
44 179 16
349 592 97
582 898 23
92 278 61
317 633 57
33 934 69
685 926 88
56 712 12
715 789 15
402 973 57
68 103 19
354 379 61
222 499 63
323 698 42
224 668 44
60 86 71
186 498 61
32 154 43
446 817 69
434 476 55
486 740 45
192 546 87
341 481 99
626 717 20
581 982 49
39 218 31
420 991 65
777 885 25
235 286 43
486 718 2
127 176 97
709 890 67
9 841 11
329 391 63
581 981 1
76 562 97
487 550 6
406 555 75
200 908 38
87 722 100
515 696 88
93 106 44
105 517 88
207 366 46
202 244 84
267 996 100
103 945 4
87 282 57
131 276 65
137 653 69
308 800 82
312 777 35
592 665 54
561 803 35
639 694 10
53 938 16
196 590 80
345 439 89
124 447 45
375 826 47
671 921 69
462 603 62
821 925 95
570 958 72
218 564 72
412 907 86
966 990 82
190 483 33
21 729 21
849 950 9
248 419 93
187 586 28
205 400 89
642 834 34
39 588 43
196 597 1
699 850 58
394 918 99
102 820 99
142 561 68
946 978 70
566 677 92
796 998 77
344 797 83
487 749 14
360 959 76
319 984 89
342 684 97
87 857 24
424 916 97
502 674 10
46 486 57
740 899 46
389 736 76
377 889 43
64 671 98
307 815 41
187 511 45
304 718 18
392 649 64
651 913 98
589 777 6
646 689 50
321 842 32
392 410 42
448 622 72
148 722 62
363 673 97
141 303 98
669 867 78
528 939 35
672 869 67
87 160 21
682 740 68
158 795 68
82 594 57
0 189 59
917 977 18
675 964 29
12 96 61
100 370 96
816 986 28
48 529 74
823 915 6
37 585 8
190 360 58
664 998 35
64 180 22
428 762 51
347 871 61
468 631 37
242 326 88
590 920 87
846 925 28
723 888 41
943 947 33
177 714 60
162 902 77
319 625 60
726 834 45
389 412 29
152 721 10
578 919 43
28 741 81
731 961 61
496 645 29
567 932 5
643 864 52
100 127 29
415 577 99
484 757 72
165 795 61
255 760 78
125 882 47
100 511 99
42 445 72
136 889 7
118 894 79
870 951 80
227 823 76
637 779 35
61 648 6
418 843 60
769 791 60
164 943 82
488 738 73
310 748 16
366 986 81
216 597 78
140 171 95
253 262 73
568 817 88
178 682 39
189 260 9
390 577 22
48 580 26
14 962 84
64 201 98
126 410 53
114 233 74
254 926 68
434 977 87
463 531 23
693 956 68
12 150 13
69 983 94
753 837 72
345 615 32
371 908 30
79 690 35
65 987 75
548 966 67
91 737 13
267 952 55
562 834 55
144 863 16
413 715 52
214 613 75
216 849 12
376 845 27
632 826 46
68 424 44
522 996 99
455 980 82
736 866 94
294 750 27
836 950 78
552 914 12
70 241 83
742 879 100
135 486 15
660 669 11
385 535 55
196 286 92
677 955 42
494 764 54
417 427 28
954 987 2
366 831 10
499 890 58
127 649 63
210 676 33
160 312 3
286 447 7
544 819 49
333 389 79
792 902 69
555 840 47
314 534 69
406 845 3
480 809 9
116 801 7
506 521 19
128 931 81
7 343 40
614 963 23
49 594 27
915 971 54
687 837 51
312 963 55
589 895 74
812 877 34
139 426 61
176 530 38
715 926 69
392 681 40
497 556 24
56 532 31
336 796 75
429 987 68
612 690 85
754 889 69
188 728 81
474 885 87
157 333 65
79 814 93
27 197 97
38 296 56
813 868 44
135 584 65
340 706 40
180 973 90
356 904 97
210 982 44
376 795 43
26 619 58
390 778 43
371 437 10
312 779 9
259 463 54
514 933 40
112 571 30
401 846 73
919 986 62
335 624 84
506 756 61
385 657 87
437 833 34
22 529 38
248 738 44
20 38 68
285 407 92
147 857 77
642 832 69
665 698 12
133 557 77
567 813 20
562 778 45
405 618 7
30 921 44
715 912 1
172 627 17
163 714 49
188 387 84
500 984 37
883 909 78
583 963 3
469 523 33
156 980 62
78 109 28
64 166 81
312 666 11
593 804 66
398 992 83
63 555 31
209 763 54
167 345 2
746 971 50
580 631 91
136 674 60
45 365 80
206 528 66
73 158 38
303 722 34
206 383 53
234 241 17
525 694 61
34 912 1
520 607 32
603 930 53
585 960 35
74 545 24
492 751 29
166 901 3
306 585 79
389 609 20
236 892 29
266 492 8
87 97 84
345 782 47
526 581 50
155 264 41
663 786 9
531 963 29
285 468 37
334 610 34
170 667 63
119 334 9
241 880 32
208 570 28
37 412 3
521 769 24
54 639 14
647 830 70
82 174 63
571 610 88
150 799 27
480 947 48
437 443 24
188 484 8
104 142 50
119 139 86
187 938 61
50 730 83
522 527 37
645 830 32
593 911 44
192 470 3
374 460 46
167 637 82
106 145 86
68 152 54
156 857 36
381 866 95
313 393 21
760 802 21
530 743 64
515 852 63
478 972 92
168 941 73
836 879 33
420 547 7
274 816 38
409 964 32
63 500 96
277 991 52
788 920 98
92 324 19
280 569 63
153 864 100
464 622 74
872 946 93
175 929 77
457 886 41
130 668 91
668 926 87
300 856 7
266 800 10
29 338 42
464 698 80
95 400 41
194 458 62
530 734 99
845 931 17
630 724 5
478 615 88
54 516 52
333 441 12
160 992 63
444 978 67
100 863 65
659 692 98
66 263 98
355 469 86
36 961 61
456 771 2
654 999 41
647 912 18
215 511 56
679 877 65
632 663 90
61 540 70
56 694 74
588 758 84
191 712 1
439 890 97
283 363 20
235 922 44
290 414 46
1 208 47
14 686 89
299 373 18
820 959 19
638 859 15
56 162 74
7 102 44
674 694 83
173 990 95
179 189 13
403 609 89
294 709 30
21 936 49
433 667 46
256 906 36
3 220 22
495 749 70
216 235 32
280 367 9
82 474 19
641 689 44
77 273 73
742 842 91
365 677 77
194 632 92
57 624 2
353 613 55
156 338 48
310 323 54
343 877 100
68 955 38
974 997 62
304 854 29
324 329 55
25 785 1
372 630 45
455 578 69
205 924 55
160 715 9
406 447 16
179 496 68
316 495 1
427 667 99
18 520 34
146 606 67
711 713 3
104 198 53
15 431 69
98 878 85
181 644 22
303 845 94
352 835 61
189 603 84
274 550 64
635 881 40
842 969 22
173 636 38
136 589 46
249 467 32
539 612 90
56 827 65
270 822 85
192 902 92
35 788 21
68 934 92
308 328 55
270 293 48
480 569 6
626 860 50
40 648 84
530 847 76
168 752 11
391 901 9
332 837 77
44 142 57
713 929 10
641 803 88
337 792 39
5 86 31
642 826 91
19 377 97
262 937 27
222 228 23
299 538 51
290 292 75
474 802 4
556 853 55
143 890 83
81 958 70
371 516 76
557 587 99
176 743 66
281 806 1
844 993 84
901 946 24
33 44 96
543 709 94
655 721 56
307 434 51
206 430 66
88 444 32
812 937 63
60 843 24
700 741 60
786 830 24
294 422 25
125 212 89
507 899 64
27 292 51
724 893 96
733 874 44
164 659 28
502 831 54
3 674 64
492 498 8
268 849 18
168 616 26
501 863 95
286 995 26
229 672 49
480 677 28
104 151 73
553 855 17
79 260 9
113 724 67
213 892 33
688 692 82
397 997 22
505 626 82
702 831 57
12 776 34
247 350 81
440 852 30
40 288 77
169 788 60
690 962 74
35 772 21
271 702 85
53 905 11
575 728 35
723 932 30
92 760 71
5 374 80
633 810 45
4 204 97
707 900 12
44 287 63
72 884 25
628 848 29
704 774 28
781 811 80
301 687 34
347 673 6
347 748 89
668 732 69
716 932 88
888 983 12
399 910 57
27 798 77
534 988 14
163 325 76
570 662 1
834 934 57
568 716 78
680 973 80
551 597 44
56 561 91
305 429 71
28 609 18
145 656 57
201 972 89
971 996 22
54 822 39
259 796 92
322 885 59
405 414 22
282 634 28
211 579 96
196 982 63
613 953 40
260 353 47
556 954 83
456 716 28
343 858 87
235 252 16
292 692 15
103 603 86
353 491 22
470 944 80
580 732 53
356 636 93
923 989 69
247 461 61
414 570 79
178 249 75
10 842 40
242 868 97
158 893 56
338 759 10
428 651 42
427 936 14
53 134 38
406 497 6
197 416 41
890 918 10
160 802 95
215 650 36
607 940 8
140 970 73
90 641 23
294 460 55
26 112 65
75 785 3
14 966 89
102 512 59
199 494 38
342 811 26
514 644 67
143 610 85
158 979 3
837 931 26
40 694 52
134 759 92
670 746 54
643 965 40
315 884 77
75 250 86
299 564 90
392 668 24
19 270 94
269 867 3
98 644 5
405 597 88
642 721 21
77 919 86
502 950 62
250 578 43
507 557 28
279 442 53
530 691 51
562 742 20
282 445 97
417 772 83
624 731 66
334 972 21
772 876 11
695 810 40
74 280 76
46 966 86
555 800 97
694 759 30
66 612 96
143 993 39
180 662 99
195 318 91
605 980 76
760 799 6
539 910 74
814 875 73
85 455 76
201 968 53
168 405 38
224 509 37
55 591 70
419 568 85
154 750 31
133 791 5
213 518 84
74 915 38
277 638 62
173 810 84
289 378 18
415 889 35
710 797 96
138 667 56
364 567 20
180 233 16
106 134 94
0 670 58
585 594 37
916 940 88
219 855 3
741 908 6
345 956 74
426 611 78
630 894 99
404 516 96
33 702 29
278 908 87
260 833 68
77 535 90
948 990 57
246 425 96
54 169 60
161 341 38
136 377 41
53 62 91
256 970 53
407 600 79
656 711 70
276 917 68
62 452 55
383 456 89
101 939 14
420 743 96
788 827 95
113 210 42
60 662 80
206 288 53
40 118 36
25 359 79
793 935 30
60 385 67
683 697 95
581 960 42
452 830 65
821 936 19
333 711 13
532 628 77
153 567 67
456 795 41
427 465 96
71 89 75
390 791 53
528 783 96
306 972 76
571 668 95
333 785 36
761 820 42
877 926 11
245 731 45
179 316 25
64 123 59
12 457 49
634 758 88
200 413 62
93 123 65
242 309 16
479 829 86
349 528 16
484 991 68
308 771 24
556 795 27
311 894 91
753 909 33
875 999 2
866 908 65
462 587 78
430 494 92
601 850 4
334 489 91
74 965 54
554 902 23
645 679 54
334 729 92
737 820 22
485 784 5
225 763 30
317 491 14
592 777 9
46 711 27
71 112 42
779 884 47
571 906 21
303 666 60
98 232 30
239 479 42
131 946 4
99 980 45
133 744 23
218 985 19
462 883 87
78 711 19
123 212 39
235 407 97
344 371 16
92 700 56
152 309 10
198 950 24
145 872 50
953 971 8
458 733 35
701 954 36
349 852 77
17 671 42
413 807 33
231 958 71
469 697 25
563 941 25
376 454 48
34 70 83
498 589 38
823 962 57
123 815 68
76 146 53
722 880 37
849 996 50
127 215 91
687 885 92
745 919 23
58 419 4
66 101 7
262 868 55
28 565 8
22 597 69
435 612 79
475 915 39
293 321 66
441 446 70
784 937 34
132 683 54
370 505 34
122 441 87
603 961 83
607 882 51
361 525 22
1 306 1
203 248 67
300 415 58
185 967 71
267 542 20
351 515 68
782 904 40
98 148 41
489 783 51
444 848 41
317 971 90
87 621 11
25 511 69
398 524 76
286 812 53
203 733 52
18 24 19
583 813 88
58 213 98
215 897 73
166 845 21
229 797 67
328 436 24
231 685 62
373 991 74
964 985 20
900 970 59
144 558 8
604 657 14
215 441 68
124 154 60
630 693 31
156 829 59
325 806 9
452 609 29
143 614 23
89 582 95
60 456 76
595 922 50
275 509 8
274 928 32
236 768 7
451 846 18
328 787 89
518 975 13
151 993 8
115 936 80
592 910 60
356 411 25
699 778 21
136 837 91
158 946 5
340 349 79
351 577 62
133 566 7
382 499 71
756 980 72
398 492 81
191 257 18
90 267 36
465 614 14
106 707 65
394 933 76
288 477 37
221 417 66
183 950 43
176 522 19
33 168 72
11 492 46
70 706 19
332 974 42
198 879 40
47 839 86
580 924 57
647 763 92
335 808 65
270 589 6
296 352 66
351 544 66
415 816 3
776 958 8
288 650 59
589 817 13
73 922 9
376 835 37
2 603 41
12 199 69
34 886 91
31 345 93
280 286 62
50 785 44
473 579 20
76 102 82
142 453 48
514 990 2
763 962 58
903 962 32
127 858 14
304 430 53
135 599 39
234 481 57
89 284 62
207 543 29
904 997 25
88 329 22
19 349 26
46 873 48
847 990 52
180 913 93
580 884 80
282 576 84
248 615 27
381 613 42
432 449 37
168 658 2
81 934 14
665 985 98
747 753 62
201 319 30
10 918 59
415 571 85
14 443 24
494 540 83
161 555 95
713 870 40
539 995 5
165 656 97
565 698 54
332 835 91
612 625 26
540 682 72
9 987 89
154 870 22
166 295 39
93 756 85
140 708 2
414 665 35
68 866 14
454 734 59
286 567 65
646 856 22
192 362 13
63 623 87
246 974 27
109 518 31
304 432 93
242 921 45
486 906 45
137 847 60
660 953 66
578 604 93
221 243 67
99 443 51
230 310 14
453 602 41
249 428 69
156 231 47
0 465 42
385 450 50
724 726 50
83 328 67
261 818 85
573 907 15
506 513 5
151 160 30
305 806 37
340 609 46
373 692 38
672 807 76
294 935 51
405 699 90
311 476 89
145 902 46
241 512 18
267 726 27
183 416 23
64 151 2
355 593 57
113 503 73
337 954 3
264 412 17
514 764 39
263 513 1
750 855 14
548 595 81
212 300 48
41 466 65
796 854 76
407 876 62
49 453 78
251 406 23
66 950 8
868 894 2
482 522 41
68 238 64
977 978 58
931 968 54
366 786 90
72 277 76
168 969 28
530 941 54
323 473 56
320 817 79
769 974 90
42 652 78
45 251 12
45 244 45
169 469 25
482 707 22
165 227 55
112 723 61
165 462 78
123 588 20
14 613 96
933 939 9
88 113 89
32 407 83
353 361 20
257 494 43
237 522 23
276 470 44
104 724 26
680 987 46
395 463 78
34 748 11
503 781 68
21 57 93
36 280 38
351 471 82
324 786 75
263 988 2
803 959 60
345 727 65
190 998 82
333 829 71
23 319 93
376 662 51
432 609 4
369 842 13
215 766 60
773 931 31
52 529 39
446 994 55
320 929 90
81 496 51
439 562 88
202 471 60
380 527 97
236 525 83
436 962 43
216 876 92
46 745 97
577 727 4
139 388 95
290 961 3
60 490 20
552 861 79
182 187 80
125 478 72
19 177 13
101 255 78
206 875 72
288 398 75
547 819 19
364 760 30
783 941 93
144 935 42
588 974 70
688 816 2
206 567 80
524 925 95
16 508 41
401 992 70
580 975 33
155 212 41
816 989 53
719 779 75
287 693 35
13 896 80
107 577 54
169 684 20
789 838 8
814 994 97
48 954 52
95 470 41
395 972 98
162 921 71
56 294 4
155 268 100
193 424 75
619 909 97
85 605 28
448 577 10
105 471 46
69 683 53
556 817 84
171 682 67
795 909 10
304 708 29
446 672 42
761 946 25
323 365 91
705 967 8
427 485 8
344 481 30
128 942 19
278 364 99
318 941 81
454 568 11
169 807 29
7 282 35
298 517 16
587 893 7
219 221 66
432 692 86
93 918 14
151 505 78
240 385 60
25 300 71
96 480 50
397 758 89
160 338 93
200 742 26
266 790 3
825 914 62
94 195 27
394 446 100
647 692 48
621 880 31
314 356 89
545 659 69
125 165 61
101 790 76
804 940 9
244 679 14
91 658 5
132 605 10
419 603 67
539 633 44
316 676 99
498 538 49
57 575 91
239 545 95
9 524 10
554 758 33
368 469 25
358 643 68
631 750 23
549 612 51
97 828 49
660 918 11
669 803 84
116 718 23
107 906 81
186 302 62
293 665 4
863 998 16
157 783 54
611 721 52
47 681 86
621 975 6
818 859 17
36 105 68
49 93 62
75 113 46
149 388 8
25 435 46
760 881 35
349 565 14
497 927 66
311 812 33
318 479 58
407 531 23
147 988 41
112 819 39
82 753 79
559 796 81
393 469 39
319 507 58
25 206 88
379 758 48
269 619 95
222 862 38
99 962 19
793 870 37
646 740 18
78 934 10
450 985 87
235 341 41
429 752 3
577 974 47
383 528 100
140 858 61
773 985 92
78 680 95
318 466 28
481 711 3
384 565 77
466 811 92
33 374 36
26 150 36
553 981 12
570 875 57
146 963 66
108 723 82
368 643 92
198 671 14
180 385 43
286 312 8
55 618 28
425 548 3
795 891 24
179 936 18
413 751 54
220 584 1
67 251 50
57 506 81
769 897 76
161 303 53
19 785 60
557 843 56
34 76 71
513 851 6
337 572 85
288 843 76
558 916 66
788 933 20
342 943 66
266 530 46
150 714 18
474 933 58
334 969 18
62 88 100
216 581 79
570 682 11
181 811 7
74 390 9
150 399 75
109 321 3
80 912 98
150 204 19
375 750 89
33 575 91
244 750 10
174 664 28
38 657 59
484 808 92
709 941 34
334 537 49
362 676 5
237 993 37
352 976 16
149 429 78
667 772 78
179 202 65
502 934 22
315 331 96
187 994 22
8 910 46
164 946 19
91 515 63
33 530 27
813 986 66
371 982 28
267 899 50
728 944 6
146 557 67
161 784 6
664 740 84
149 805 34
240 394 25
114 771 18
127 396 17
644 895 64
513 583 89
521 560 48
283 926 46
838 945 38
745 881 8
516 862 53
198 682 80
410 561 13
312 611 28
305 490 48
256 652 13
542 551 84
608 975 24
370 992 84
640 730 3
863 874 45
517 957 25
420 686 45
171 751 63
52 301 17
833 896 46
699 839 14
706 809 79
256 900 19
649 785 62
232 533 50
39 376 54
505 927 41
37 117 41
106 343 31
736 806 40
132 751 96
111 645 30
476 988 19
30 995 28
458 882 79
667 899 28
745 956 3
244 379 31
246 722 27
282 680 5
274 407 19
344 442 23
331 723 42
703 954 67
210 553 36
100 341 76
332 702 56
254 394 94
727 752 11
921 926 54
172 591 70
753 825 80
277 702 93
40 301 70
119 315 69
596 936 67
381 417 20
152 994 95
146 910 33
332 397 66
646 726 28
142 242 46
367 416 57
60 638 61
161 566 65
458 581 51
296 572 26
459 953 67
270 824 9
654 831 70
358 901 2
120 250 85
534 598 61
345 964 59
502 539 78
206 537 55
26 188 16
608 744 12
604 636 49
554 676 35
314 446 77
203 501 29
244 676 31
18 37 26
186 237 8
469 590 86
191 490 63
356 667 18
278 881 16
102 825 7
307 945 61
395 404 92
48 607 13
53 447 8
246 885 95
291 960 95
172 761 86
250 827 9
130 170 3
38 759 57
610 751 68
369 713 9
723 794 82
210 523 33
71 479 8
185 504 54
79 541 94
731 917 59
136 520 82
403 803 73
295 358 53
478 749 50
63 447 36
464 490 60
378 561 25
330 842 51
99 761 27
166 476 13
508 572 79
285 433 98
50 193 7
719 984 28
201 596 79
252 786 63
87 874 43
126 584 85
653 898 3
185 503 45
119 593 31
526 903 49
291 512 23
99 867 71
466 669 81
371 577 53
833 967 88
429 725 96
515 821 23
99 985 10
397 844 74
631 974 74
370 664 43
9 415 59
323 655 1
674 948 87
439 876 50
158 468 51
512 535 63
655 833 35
326 639 56
222 976 95
154 384 6
273 548 45
464 790 43
899 979 30
732 901 20
510 658 43
173 255 85
111 936 38
369 909 30
380 812 74
632 661 12
75 307 34
353 495 15
649 906 23
14 432 11
313 610 6
41 945 49
38 251 51
668 740 97
776 830 95
133 633 62
140 201 25
311 352 42
712 750 96
104 885 34
189 364 50
141 730 94
455 995 83
157 574 84
474 573 83
710 838 43
385 760 40
713 784 3
108 935 19
108 528 62
253 579 50
463 784 47
352 404 23
227 826 17
628 973 86
646 761 89
105 413 19
125 348 58
555 596 52
696 989 70
261 994 4
2 998 60
548 689 50
618 631 88
388 695 3
152 800 84
199 853 85
454 763 100
722 734 43
737 971 7
326 417 82
710 828 94
110 515 52
175 976 33
99 368 81
251 854 99
563 900 30
353 535 73
83 403 53
247 665 62
146 732 11
341 500 52
212 518 19
583 648 77
128 765 84
131 437 20
394 653 57
169 547 98
134 989 41
866 895 73
545 579 63
471 753 65
611 865 93
9 115 15
389 560 79
400 614 41
446 840 54
543 748 37
150 971 78
279 785 88
188 994 91
43 819 21
264 992 53
299 695 51
839 982 41
348 953 30
809 970 99
724 896 73
27 777 74
13 764 24
517 542 9
553 928 29
61 900 36
506 941 11
205 921 55
24 544 42
26 40 34
306 993 33
658 839 18
572 926 44
99 263 33
354 778 4
831 909 67
437 503 10
246 511 90
162 228 31
70 721 84
336 435 47
223 415 69
666 947 55
324 526 9
728 767 1
184 478 60
246 495 12
252 287 21
347 817 91
151 640 72
292 497 89
459 872 97
271 769 36
63 676 51
161 526 4
570 612 27
354 560 83
602 675 47
29 987 91
86 786 82
87 689 52
275 610 50
256 472 89
595 934 77
301 979 67
139 730 54
224 856 38
781 993 7
69 159 6
208 410 86
497 781 26
205 504 31
540 551 85
147 870 47
34 571 14
520 905 71
342 907 80
316 440 35
320 998 48
172 572 62
28 147 79
85 490 57
417 537 80
437 445 4
242 839 12
614 947 7
915 985 56
362 834 13
214 978 36
520 902 44
988 996 81
66 118 32
64 763 34
181 909 51
438 510 17
199 360 17
220 899 87
360 786 75
365 994 21
394 497 68
535 993 33
75 709 6
282 356 33
93 462 62
455 796 82
371 375 29
454 552 34
156 828 86
281 305 90
477 761 5
508 904 24
665 861 86
236 343 37
101 796 89
55 962 96
365 875 58
171 929 65
549 589 98
107 651 89
612 833 25
5 899 60
473 890 87
2 911 25
660 711 75
232 448 77
109 874 90
852 935 29
268 977 56
910 921 77
427 535 1
438 766 54
198 898 17
440 860 18
229 505 90
869 938 55
264 812 50
7 216 4
57 343 95
548 632 77
371 538 93
385 702 62
253 677 22
664 912 13
69 933 79
730 955 94
120 989 32
129 642 85
356 682 66
71 325 14
666 829 55
378 635 87
711 928 55
508 804 19
569 818 78
210 729 64
712 935 75
197 911 52
503 681 33
877 961 52
540 567 70
536 714 14
324 593 71
413 523 69
535 584 94
413 837 53
906 913 48
187 759 62
676 733 54
336 618 32
54 264 18
268 936 8
718 950 63
307 522 36
346 759 99
18 553 15
46 957 57
16 847 93
513 579 93
61 818 89
531 980 7
377 882 48
334 714 52
392 493 54
54 901 37
307 908 61
449 499 71
172 675 45
632 931 97
480 853 57
11 154 77
418 673 92
315 871 10
214 821 44
132 987 27
298 586 11
345 576 45
352 648 63
460 526 73
351 693 2
753 820 77
246 404 56
360 759 16
199 571 40
2 715 50
96 896 31
515 909 45
2 253 24
178 995 95
16 936 81
717 986 53
266 645 17
198 910 33
492 720 86
138 316 88
358 955 54
413 498 37
461 693 65
184 978 27
593 653 38
146 420 42
156 402 18
13 926 94
44 784 24
606 689 75
81 511 9
509 989 45
137 982 46
146 903 88
167 227 50
364 766 96
200 757 45
410 677 51
419 658 84
37 446 69
738 793 78
234 548 79
285 635 59
647 668 75
432 475 69
95 580 40
469 627 45
49 542 2
828 885 83
216 527 69
609 815 57
393 418 8
204 351 83
34 991 5
362 758 70
352 370 10
303 756 88
214 683 83
354 666 64
728 933 68
60 399 18
191 920 39
183 726 17
114 171 74
124 632 92
387 937 11
167 889 47
599 825 87
70 751 56
47 75 72
395 409 51
65 105 80
25 316 73
867 890 83
127 269 29
378 419 71
97 680 21
386 898 62
137 322 86
437 505 16
630 829 31
133 136 41
398 653 50
169 270 12
318 418 2
898 919 2
55 859 69
15 621 70
2 220 41
178 499 84
937 964 7
561 958 4
726 890 52
719 837 15
132 753 3
313 380 86
201 870 59
447 856 72
47 407 79
223 455 4
796 838 42
162 694 29
243 531 42
508 995 88
162 566 30
834 967 72
142 549 18
178 890 27
34 151 84
444 855 46
301 303 80
166 232 34
50 982 79
722 913 5
510 691 87
191 787 50
97 920 65
374 921 70
35 75 74
887 964 86
206 266 58
346 653 35
89 721 31
172 723 99
225 405 61
3 364 18
736 864 57
305 593 87
477 912 34
223 492 85
608 889 43
150 566 45
553 788 98
314 617 7
896 989 16
262 578 44
92 433 44
336 582 12
267 285 81
190 539 100
273 583 30
73 504 82
447 835 19
440 744 13
633 800 20
205 300 83
265 717 14
37 72 28
145 718 42
291 624 67
1 517 3
130 240 78
539 988 80
57 62 40
446 997 34
371 749 13
126 720 23
150 523 10
80 724 96
410 676 4
16 668 96
277 386 77
114 783 60
327 644 59
10 66 46
176 579 67
128 711 48
810 970 83
488 590 76
111 367 18
646 824 6
387 506 56
427 553 4
764 952 75
338 691 33
50 542 48
105 806 59
257 287 80
630 933 92
96 926 19
463 472 19
696 768 82
57 138 58
431 838 59
390 974 68
364 959 19
63 197 47
30 662 87
23 214 53
215 433 3
209 305 53
32 162 45
800 815 83
589 591 43
376 447 52
314 944 10
814 935 46
0 857 4
137 682 90
231 722 100
420 555 38
106 909 73
556 847 47
207 615 38
749 791 29
163 167 10
451 939 13
81 421 62
366 626 12
224 485 28
65 121 55
241 940 48
326 330 46
315 807 34
188 600 66
219 691 97
438 659 15
376 532 18
208 535 51
855 921 40
542 573 96
355 777 29
485 657 42
148 367 40
144 206 18
387 842 97
108 356 65
415 521 77
830 978 79
47 593 91
59 113 57
320 341 57
72 914 27
53 420 87
310 498 22
227 246 8
315 664 73
120 930 50
586 865 97
171 297 19
289 852 9
776 851 29
438 935 57
173 248 44
650 786 1
269 533 67
251 469 47
233 294 19
564 578 1
355 721 61
409 965 83
95 429 92
203 926 36
103 202 69
257 321 59
578 993 96
173 560 88
235 374 13
160 502 43
285 807 9
273 903 31
53 903 50
162 740 72
161 489 45
447 760 52
788 883 98
70 362 10
336 769 39
324 927 42
182 272 6
539 972 69
196 223 6
247 968 62
728 836 21
18 604 44
246 868 41
815 901 30
214 604 85
42 707 45
729 810 72
408 410 42
328 549 100
371 486 62
174 781 77
682 754 74
35 428 86
174 213 28
30 390 85
805 879 29
231 968 51
461 604 25
187 656 100
0 253 18
523 817 57
125 449 15
1 34 81
4 386 91
460 692 37
41 451 12
193 566 40
264 358 54
181 486 38
513 819 86
79 173 65
133 270 67
18 357 98
218 936 47
585 908 2
377 499 90
73 355 74
129 284 46
211 523 11
8 104 49
355 694 29
470 845 14
24 769 30
11 874 19
63 642 32
324 743 50
28 683 72
806 845 4
300 553 10
434 700 57
29 421 1
48 322 38
149 245 25
39 555 43
686 788 54
427 686 87
404 600 59
48 187 94
601 777 56
285 636 8
698 974 51
852 938 25
342 951 61
99 472 49
115 142 9
431 588 49
717 879 98
207 430 12
175 499 75
31 751 71
136 910 23
349 554 31
324 515 20
562 628 59
604 735 90
627 969 44
158 816 53
171 253 21
101 731 6
217 517 43
279 480 85
679 927 70
152 644 49
9 662 91
271 994 30
410 714 4
485 827 7
523 892 2
408 674 71
118 241 33
101 881 77
468 552 8
201 885 55
53 101 27
281 361 46
421 853 29
230 971 94
8 370 61
509 877 13
584 917 40
295 893 74
557 760 37
621 968 20
139 575 86
453 594 18
259 790 24
81 949 73
928 948 87
130 607 1
885 973 19
65 463 75
639 819 63
418 697 80
321 454 36
672 960 79
407 647 80
421 870 13
592 838 5
227 229 69
129 381 79
153 977 59
16 428 49
509 781 72
213 316 23
102 446 66
441 872 96
288 375 35
419 667 7
396 659 32
355 516 85
211 926 58
695 817 66
420 918 30
235 564 39
276 431 8
245 407 4
701 702 74
916 948 20
537 767 36
408 754 12
541 893 75
90 797 29
462 486 11
129 325 82
42 413 93
132 401 45
505 727 75
232 874 2
203 766 81
62 377 43
202 296 1
45 929 65
61 658 61
552 887 83
487 673 24
172 545 29
583 735 1
654 739 89
309 587 74
247 677 66
331 431 9
156 847 97
212 440 91
211 652 3
332 379 33
93 845 14
6 581 18
460 800 58
118 314 86
335 681 94
149 340 47
233 317 7
69 105 15
146 243 54
461 729 70
410 902 95
86 591 94
407 679 86
162 469 41
397 969 8
59 689 21
44 159 76
17 804 74
277 825 32
33 833 6
474 491 86
308 923 78
495 881 78
290 582 24
860 906 92
424 637 35
104 357 92
228 254 29
180 423 14
72 754 8
739 813 17
19 810 81
381 747 82
350 458 39
602 939 76
138 299 76
38 141 26
253 583 39
298 368 67
688 741 20
119 678 34
557 566 31
880 924 4
576 764 55
115 362 40
847 930 75
704 776 32
123 992 70
290 513 34
731 937 87
479 534 87
530 806 61
677 968 1
388 462 7
39 589 1
123 834 21
616 721 37
314 630 74
480 954 73
857 989 89
32 349 97
540 733 6
800 942 26
519 948 72
78 960 65
258 741 31
137 464 67
41 762 68
108 926 84
414 675 61
477 671 45
420 808 66
239 378 13
268 807 17
175 924 21
595 712 1
44 683 23
40 234 51
337 888 69
243 305 56
46 201 68
569 963 87
527 911 52
61 349 88
51 814 39
201 563 45
198 916 7
28 264 87
513 849 100
124 814 97
283 449 66
193 740 81
349 941 72
20 986 42
467 895 15
664 935 93
431 447 27
99 258 11
168 945 87
9 746 70
388 692 62
170 958 63
885 902 65
464 854 89
444 783 40
474 603 91
491 886 57
753 970 31
352 818 23
888 890 97
58 481 18
767 986 80
107 750 14
133 780 3
193 714 8
602 639 7
55 637 32
331 527 98
251 485 69
368 867 30
457 891 15
85 359 92
63 980 37
466 574 89
731 935 21
885 958 33
208 331 62
269 774 22
176 792 88
570 774 22
667 845 76
365 374 85
190 379 17
145 162 68
416 565 54
102 947 95
301 975 46
676 760 26
433 543 69
600 876 1
332 892 96
398 544 91
732 964 2
451 684 32
23 954 40
761 767 54
13 428 1
370 976 15
733 739 32
136 544 17
74 474 79
218 493 35
53 682 32
89 446 8
214 915 39
223 634 48
309 375 52
606 634 59
80 978 59
550 933 31
249 671 17
35 592 25
284 391 54
565 801 85
284 826 70
92 460 22
126 588 94
677 986 75
32 94 31
228 663 95
858 901 10
352 509 82
724 882 46
196 688 31
499 796 96
658 759 47
474 497 43
226 605 70
66 547 68
443 653 27
22 360 27
209 351 42
447 881 34
695 999 46
41 319 8
62 699 95
584 611 89
461 536 12
776 895 66
465 581 5
708 936 80
268 875 69
89 342 68
426 565 52
453 565 95
769 933 11
1 266 15
316 988 11
180 324 86
389 466 20
124 974 47
540 712 37
84 136 94
413 755 80
53 593 17
57 959 16
169 224 35
36 434 42
225 933 53
24 752 51
598 754 31
8 962 76
842 956 97
268 568 4
100 308 73
751 854 16
2 821 3
306 804 93
241 828 17
259 823 60
598 621 16
640 859 39
214 610 89
348 948 44
158 374 85
679 769 65
624 886 32
409 758 62
947 972 68
463 635 36
497 999 19
265 719 18
508 851 42
2 760 17
70 360 100
447 595 1
145 331 16
641 885 83
261 709 29
702 989 57
473 571 44
355 590 53
740 798 67
130 148 95
415 856 25
707 992 80
141 376 64
151 500 23
2 364 74
364 553 3
854 977 99
248 575 43
590 873 80
224 925 60
252 425 6
27 257 9
55 69 43
263 409 14
62 283 15
372 595 94
19 64 28
362 646 70
40 376 43
15 538 15
30 311 48
45 523 1
315 466 77
21 634 51
771 850 14
548 903 72
13 24 82
199 339 16
481 797 38
461 886 100
61 434 81
465 840 13
647 823 25
108 860 87
208 975 28
312 459 95
354 375 77
912 915 18
306 761 86
441 923 79
165 804 71
412 915 49
307 574 78
119 882 99
135 688 26
135 932 84
446 880 52
193 803 43
115 307 61
43 356 85
326 918 49
38 312 96
483 840 71
606 958 65
448 516 96
332 912 34
100 306 43
233 534 59
135 360 39
77 298 26
669 994 88
476 745 69
560 831 30
100 490 89
232 275 75
446 563 57
268 978 92
605 776 13
324 924 94
227 454 62
168 810 95
619 828 53
114 400 99
173 296 28
53 918 7
361 473 60
274 373 27
113 926 73
292 571 56
82 840 50
219 487 94
293 540 70
251 415 88
611 918 92
86 153 9
148 478 20
314 444 43
532 904 1
262 796 69
204 666 76
587 865 31
181 935 17
664 882 74
373 668 82
260 621 82
6 228 49
460 616 57
468 628 95
26 713 98
374 628 24
756 835 70
143 683 28
270 817 16
130 690 2
471 521 78
518 786 92
877 969 40
160 400 7
290 999 88
158 506 73
268 611 91
149 641 1
182 399 93
67 366 60
475 587 16
317 665 21
398 708 44
243 263 10
604 787 94
826 985 11
321 896 38
55 987 57
349 642 92
422 445 97
724 766 93
249 460 79
214 758 36
375 874 100
16 672 70
361 501 48
68 117 70
118 966 78
561 667 65
237 480 6
279 376 50
153 358 16
290 754 59
546 943 69
507 734 17
126 809 76
204 290 91
562 912 37
207 547 16
98 740 62
311 784 11
275 533 12
525 723 8
775 789 69
802 873 21
504 514 80
133 433 34
639 745 86
226 345 44
178 567 94
13 251 21
463 499 66
28 186 56
416 422 71
40 443 24
20 444 94
921 975 53
148 510 100
19 697 67
393 916 79
572 955 67
210 759 97
550 694 44
392 454 88
133 236 48
177 828 26
564 812 63
255 366 77
57 788 40
393 643 13
113 889 19
365 920 46
202 918 85
667 783 96
786 990 91
329 343 97
469 933 79
434 918 19
344 693 40
136 428 69
105 371 13
504 719 81
84 907 33
418 968 66
92 304 99
124 784 99
682 920 32
6 211 2
226 396 45
363 792 48
858 954 78
366 403 70
438 904 44
200 312 30
254 753 97
307 350 14
18 314 45
293 737 66
111 187 31
481 779 100
223 430 96
796 961 98
841 851 68
424 561 17
466 675 45
216 646 47
445 490 55
10 644 61
477 843 42
272 937 4
252 933 17
316 941 41
360 820 59
239 526 54
778 854 99
401 584 10
210 835 87
841 926 73
302 368 4
685 812 38
643 943 36
15 708 75
417 590 87
342 868 92
0 619 76
66 225 90
150 494 10
157 875 60
237 605 74
305 768 46
496 603 69
333 737 29
574 980 13
272 782 86
452 765 49
66 982 88
18 467 98
3 120 28
401 456 59
641 875 96
217 264 74
76 321 50
438 518 52
126 154 94
558 868 93
919 991 52
519 576 67
72 250 34
7 222 91
15 250 33
531 988 98
364 809 80
241 530 74
639 823 58
177 323 42
111 869 19
277 550 55
546 706 72
106 926 29
626 755 60
371 398 3
69 977 65
61 473 34
248 254 47
122 689 79
491 756 95
9 473 75
362 789 12
57 466 39
368 591 45
86 912 31
418 591 4
402 815 21
88 961 53
740 932 72
741 768 61
255 728 76
734 784 39
124 135 79
841 941 36
129 267 66
92 608 73
54 253 92
127 359 19
126 490 81
672 797 35
189 689 47
628 949 59
363 813 31
172 956 24
248 667 56
15 950 36
580 942 22
169 607 81
603 780 25
581 884 88
542 652 75
471 551 77
282 986 11
813 869 43
332 975 47
58 556 64
684 780 33
760 785 14
525 807 14
8 225 81
142 535 18
187 687 19
147 775 63
176 327 33
317 476 4
219 916 24
507 600 2
366 530 70
449 689 97
618 977 87
346 698 40
392 922 77
23 106 23
51 625 50
160 701 52
201 349 48
150 994 95
845 905 89
250 476 54
370 880 76
153 796 16
138 969 98
209 415 38
316 831 93
724 810 13
665 729 88
717 753 64
58 684 12
138 251 86
59 874 13
116 692 72
243 296 19
311 338 9
231 613 93
46 194 86
126 565 85
9 367 7
208 355 100
71 176 29
110 614 26
268 322 84
432 937 47
573 885 100
689 810 72
68 606 30
55 491 48
47 618 26
217 224 16
362 467 90
204 636 51
147 559 25
792 851 12
223 737 2
527 846 78
261 683 79
711 858 27
305 454 10
395 868 93
533 804 43
55 194 92
119 886 46
608 745 21
22 203 61
598 967 12
586 687 87
655 785 37
64 751 30
130 475 17
29 937 93
21 881 15
212 605 87
34 105 88
860 941 90
4 789 38
205 862 43
340 894 16
282 556 93
99 108 26
492 929 51
339 785 59
834 961 44
189 760 76
267 296 5
323 942 58
454 685 97
84 262 11
281 572 65
109 200 7
201 833 28
161 381 92
122 763 69
544 930 42
602 692 100
322 950 15
548 922 58
607 798 89
743 804 68
285 645 23
251 348 72
651 951 26
150 575 98
85 385 2
345 391 37
274 523 10
35 739 59
350 828 58
323 580 28
650 804 19
544 710 79
277 833 14
184 949 93
491 619 76
915 980 8
838 921 71
91 345 14
540 855 56
846 993 21
29 88 97
492 846 32
383 795 14
137 204 33
71 418 24
647 871 10
141 772 66
136 401 20
119 206 17
146 944 25
811 928 4
264 789 64
186 425 58
504 507 67
505 571 38
468 786 77
251 440 28
176 713 67
771 928 93
491 663 50
21 406 40
832 959 33
402 893 84
560 727 61
283 731 23
142 579 24
219 677 88
338 620 85
368 445 4
338 809 10
7 249 17
358 876 95
414 751 81
305 860 32
890 974 84
821 948 80
700 749 59
667 993 27
272 350 72
53 499 64
526 545 8
740 829 88
568 688 71
30 924 75
260 310 34
344 625 22
200 384 54
428 573 37
491 975 76
621 790 50
204 555 15
454 623 64
346 796 30
87 558 87
495 506 90
753 979 25
54 677 13
124 454 72
64 785 24
428 920 94
145 783 69
130 448 33
586 824 2
580 692 5
704 807 2
311 952 70
480 854 23
295 834 85
45 198 66
232 603 39
188 242 52
319 948 56
245 535 99
103 291 37
653 876 98
215 447 65
79 224 70
127 917 79
140 166 46
151 470 39
663 723 30
371 884 21
346 542 81
394 788 50
163 227 28
783 800 90
172 203 99
8 773 5
713 753 69
518 935 53
695 867 41
264 714 60
566 904 30
208 372 39
598 857 94
575 799 45
612 825 36
1 365 30
132 164 16
812 820 27
208 304 25
807 874 39
141 802 75
720 966 42
229 955 94
309 431 11
458 525 57
608 978 70
171 907 15
264 947 76
6 540 67
316 412 94
479 855 54
808 849 64
727 735 88
568 946 1
323 359 5
40 362 73
612 815 82
730 734 76
337 484 35
190 841 58
330 554 24
760 897 14
746 789 73
615 814 58
504 564 53
2 847 22
403 774 20
157 410 4
336 689 7
286 444 38
439 566 16
71 595 22
158 295 88
48 793 97
54 159 47
706 832 93
113 472 26
269 731 30
168 173 30
686 875 79
131 611 14
871 874 56
279 714 68
372 826 26
511 906 41
138 729 30
472 734 54
653 861 52
119 969 10
208 683 47
309 506 66
191 720 68
112 714 58
139 924 36
831 846 62
152 265 41
22 585 71
547 988 5
187 548 77
711 809 66
43 718 4
108 826 57
107 731 73
25 757 76
348 822 77
70 578 13
51 344 58
806 877 57
43 858 48
517 721 46
178 310 61
722 968 17
726 967 53
7 378 61
17 393 12
383 725 88
72 222 30
954 997 89
255 978 39
280 866 54
576 748 27
6 327 89
281 476 75
163 870 85
163 798 48
777 977 49
361 437 26
303 809 15
859 917 97
536 868 29
233 524 26
272 900 20
62 381 24
762 837 48
652 911 37
410 882 48
436 959 64
261 305 33
643 931 66
155 849 7
959 980 82
258 462 98
173 943 78
680 943 92
55 216 48
285 771 13
770 794 23
520 818 29
253 694 50
677 759 8
29 586 76
464 988 99
566 916 30
195 474 81
414 481 25
1 369 6
561 975 95
357 436 36
617 761 91
97 770 79
237 247 80
513 662 75
199 775 1
278 318 13
528 850 14
2 828 38
206 597 68
283 628 69
471 962 77
26 327 93
448 488 57
561 705 26
90 437 69
25 27 57
312 367 13
521 947 71
139 282 53
15 332 25
700 746 27
110 612 35
146 446 42
231 982 34
267 495 87
72 446 10
421 845 51
318 736 78
638 944 97
864 918 56
867 980 90
530 972 47
478 937 55
76 916 68
330 440 17
877 984 42
807 956 26
52 297 96
621 824 71
56 522 73
322 675 91
692 741 15
464 574 17
150 782 92
21 94 97
143 162 51
547 963 71
431 807 9
266 719 11
495 706 7
188 607 51
518 536 59
593 909 44
252 506 34
448 999 4
322 746 49
280 991 53
54 730 8
134 472 47
56 928 33
44 674 65
400 694 13
756 872 23
260 993 99
54 737 18
267 624 88
853 879 79
330 667 83
349 726 83
109 890 86
107 566 41
14 525 57
350 542 61
15 620 19
348 969 97
93 688 88
392 540 41
462 620 90
476 994 18
696 892 35
101 263 16
14 864 79
124 280 82
518 906 62
377 849 62
253 560 51
268 973 65
363 382 44
98 941 62
429 623 68
181 447 84
351 430 93
79 653 80
481 528 63
93 646 100
226 738 19
118 900 54
529 945 35
787 832 1
35 909 54
510 712 72
566 623 80
663 918 1
287 739 97
204 727 18
971 995 22
410 721 1
104 203 4
161 743 37
162 495 69
263 344 90
81 820 68
182 967 99
635 653 39
81 461 25
608 762 5
567 836 87
736 935 13
16 441 88
18 76 64
356 544 37
476 482 11
709 843 99
290 815 31
210 863 17
95 122 97
221 347 89
230 632 74
481 735 18
358 637 12
558 816 49
123 310 84
275 589 37
769 970 63
447 565 81
120 992 95
687 840 66
54 55 7
33 271 19
356 919 88
837 973 61
102 835 3
94 833 68
696 933 73
91 376 47
534 863 16
495 543 44
386 420 80
372 991 7
136 964 8
471 953 36
599 711 88
202 461 68
630 701 9
56 718 12
263 875 97
126 800 12
912 997 75
234 951 5
316 660 91
178 441 73
557 779 33
280 464 25
119 527 37
827 958 87
12 308 68
636 832 24
188 876 78
360 766 26
116 593 64
30 196 83
272 630 50
128 451 60
97 374 67
880 910 11
171 236 60
72 611 28
154 892 25
393 694 22
424 726 53
774 883 9
776 827 30
31 198 81
702 930 61
461 984 83
231 459 95
717 945 34
8 888 8
726 793 59
366 411 37
354 489 90
841 909 75
100 575 72
317 958 51
255 582 11
120 335 60
713 848 3
374 786 18
116 914 23
916 929 45
15 958 18
506 589 91
6 912 98
556 572 79
186 756 17
790 904 29
188 818 29
447 928 86
256 545 21
392 995 88
771 845 4
290 791 79
323 574 57
247 756 87
232 459 82
905 989 53
712 908 23
464 932 2
148 683 24
284 966 44
67 115 58
479 748 34
746 884 30
504 918 4
207 257 17
280 806 69
307 777 59
21 349 34
243 809 21
31 559 49
373 894 37
144 722 76
737 805 87
59 505 79
527 850 94
370 594 76
705 945 14
95 523 46
820 846 29
152 243 48
83 766 21
637 853 6
832 892 24
518 734 13
573 711 48
130 333 90
313 425 33
491 725 100
573 917 30
30 570 35
685 947 27
414 660 5
254 264 65
657 864 87
565 955 15
223 817 80
321 520 78
130 350 1
85 889 20
54 133 96
338 760 74
414 619 14
265 779 56
91 723 87
314 966 44
584 837 35
221 621 61
560 623 47
186 526 78
569 834 89
230 707 64
5 882 96
185 816 37
694 965 17
921 973 67
414 889 80
263 948 82
476 586 20
413 816 71
48 556 51
640 991 65
193 840 100
862 869 43
439 461 74
104 886 33
590 613 15
666 691 24
473 858 88
761 835 79
94 782 43
348 688 59
31 127 47
890 944 90
286 842 48
460 515 82
287 318 39
248 621 82
232 741 60
114 139 38
151 951 87
144 515 64
756 838 34
355 567 61
487 613 69
378 403 2
317 921 98
155 327 44
752 898 95
228 981 64
304 680 50
73 326 90
171 348 63
467 592 13
410 668 64
682 684 56
219 450 100
495 565 69
54 440 34
322 930 33
420 470 42
318 369 10
68 621 64
62 681 28
540 821 99
220 650 66
73 869 62
284 726 75
46 592 38
450 815 88
110 561 99
474 787 33
690 776 33
471 987 34
105 892 8
132 924 63
213 839 4
422 441 73
344 701 56
244 516 23
164 610 16
26 70 51
393 739 47
149 399 77
225 441 17
269 528 92
321 608 88
209 342 36
267 431 3
268 464 7
778 788 62
589 626 25
115 294 62
781 855 44
93 460 2
723 951 19
626 861 95
261 470 6
141 221 24
364 467 55
9 554 41
244 958 39
119 732 51
505 801 79
510 544 4
170 188 52
171 647 59
429 979 87
734 827 46
126 655 25
227 504 6
592 775 89
268 744 11
914 992 7
17 237 36
754 767 63
265 352 68
652 669 15
739 742 68
442 708 63
370 536 26
18 424 40
545 981 71
539 634 60
74 704 77
513 766 41
235 351 23
331 794 99
167 944 1
238 417 54
83 832 89
452 557 45
199 300 49
31 250 74
175 978 57
323 660 35
443 717 36
364 599 26
72 468 20
310 868 25
242 424 1
53 575 6
43 702 48
283 838 80
121 705 14
807 997 49
119 971 64
379 756 74
748 962 96
213 928 6
455 748 91
344 764 21
731 965 70
158 245 50
136 531 10
108 561 41
549 610 10
128 774 14
771 876 82
194 305 17
301 702 40
354 656 79
11 83 55
369 533 76
397 801 10
315 781 15
668 759 63
461 774 83
1 49 55
222 939 89
114 229 58
60 584 4
503 773 2
395 714 83
619 767 61
218 471 70
735 901 40
364 535 27
52 721 65
372 464 36
241 595 69
463 844 26
119 983 70
79 773 92
184 664 54
81 629 53
262 276 99
519 923 3
24 430 54
234 975 64
363 584 78
220 686 81
744 968 65
852 936 12
443 944 34
61 107 2
566 665 77
617 637 78
524 952 74
710 734 62
279 769 8
769 799 80
487 856 100
89 915 31
452 889 37
31 576 51
108 543 65
225 382 27
442 565 81
539 615 36
16 543 75
255 748 92
617 920 25
67 557 25
689 818 38
299 486 40
200 295 65
217 326 83
114 639 11
230 394 91
670 914 10
163 470 51
652 995 53
98 692 48
730 786 88
261 380 67
149 782 45
35 887 47
322 647 72
107 378 39
294 722 16
328 442 11
625 683 77
337 548 56
181 635 72
138 843 60
342 956 90
3 795 25
143 524 76
496 666 58
500 883 21
460 550 19
89 114 96
447 798 47
69 364 14
359 463 20
846 924 80
496 792 24
301 766 65
585 942 1
130 674 5
40 823 6
315 492 40
281 965 1
338 673 54
110 703 6
199 943 60
655 995 88
156 740 69
329 881 79
397 640 11
615 918 99
343 449 43
506 660 56
342 876 37
243 288 74
159 545 75
346 677 79
392 576 77
736 873 99
308 898 94
131 714 69
580 892 45
252 511 71
272 845 65
432 545 61
299 900 55
478 782 63
460 938 83
140 964 80
93 426 46
574 583 83
373 709 5
459 662 82
68 661 78
104 971 31
445 927 46
72 248 10
93 745 48
281 732 4
587 656 56
518 778 93
196 348 51
585 740 74
328 645 36
629 874 34
85 662 83
257 875 55
364 774 94
236 671 70
131 515 11
14 637 76
477 570 70
420 680 44
645 764 71
216 556 84
98 858 78
76 947 46
126 925 58
336 647 28
51 246 92
369 902 99
288 759 85
70 459 19
146 624 49
681 772 64
65 263 27
617 660 81
308 802 52
266 578 56
124 668 81
1 412 12
354 880 92
161 256 13
638 696 47
673 824 82
580 725 94
448 573 70
120 658 99
364 413 66
530 899 59
21 636 59
72 591 42
148 518 93
101 779 29
399 515 5
470 856 41
551 563 71
111 319 1
314 574 19
43 808 31
188 601 39
412 504 1
173 736 59
126 773 78
709 984 27
413 733 42
383 533 74
187 711 31
419 906 42
111 416 79
432 804 37
12 509 90
305 674 72
34 102 21
600 894 32
432 959 88
127 361 34
376 558 23
407 413 84
65 277 82
175 567 80
620 844 92
16 573 70
305 489 22
398 994 37
128 710 37
629 635 56
18 228 58
70 910 58
311 630 48
652 675 33
787 846 14
290 969 8
23 882 67
806 812 4
477 557 52
319 918 80
69 653 75
366 649 41
209 439 15
204 458 75
602 992 87
333 925 44
870 926 18
88 398 9
29 644 6
214 885 59
27 267 97
770 830 7
57 213 93
427 874 78
672 782 73
507 898 66
575 644 33
347 435 69
277 770 6
513 618 72
105 610 27
612 909 16
433 769 37
772 871 61
134 810 24
420 464 50
181 817 14
482 548 56
109 156 94
181 247 26
322 729 3
527 805 15
271 631 25
716 937 13
670 954 65
556 609 92
111 739 5
134 729 66
151 608 38
587 695 35
237 428 20
143 759 92
44 671 36
717 762 8
558 687 10
169 845 49
329 983 75
313 383 89
54 625 43
719 860 56
149 660 87
116 310 72
298 665 98
653 990 53
153 626 55
167 883 13
160 740 49
295 959 6
376 625 33
130 538 19
490 847 63
361 694 53
754 756 22
163 200 85
177 931 42
472 864 59
97 177 56
125 949 49
187 307 5
119 419 42
449 795 60
417 898 36
501 848 73
375 935 34
133 342 7
241 618 95
785 932 93
429 567 38
486 910 63
659 674 99
314 620 96
229 322 1
570 979 13
141 413 99
256 829 54
714 848 69
460 711 33
81 538 51
206 697 34
56 302 15
660 925 73
688 863 22
18 363 38
848 997 76
205 662 24
571 994 60
6 909 88
212 821 94
569 729 2
381 639 47
220 418 94
250 274 51
32 235 90
624 716 7
7 490 66
745 959 71
299 525 48
418 640 48
531 652 13
115 241 91
318 746 32
309 874 21
215 740 30
21 818 18
427 716 39
13 504 9
39 438 76
100 484 41
266 498 84
246 463 38
493 799 13
583 773 46
244 985 28
497 749 52
195 398 58
879 954 82
478 504 62
12 234 83
325 346 63
417 806 80
109 886 93
136 340 1
113 262 29
66 464 60
177 550 44
47 435 24
229 806 54
223 309 46
188 558 52
18 706 79
201 322 93
105 461 63
553 683 88
110 688 23
369 875 75
88 831 35
134 785 47
188 591 28
112 581 53
358 605 17
473 940 7
643 731 10
356 588 39
262 831 78
227 947 34
56 511 78
171 263 66
30 741 100
60 279 19
534 997 21
434 478 90
88 827 67
726 753 10
19 886 68
336 342 30
71 861 58
281 665 21
87 737 99
266 477 53
426 552 96
561 996 86
321 947 14
291 371 69
386 628 97
381 439 48
401 524 72
338 424 50
152 331 92
89 203 12
24 999 48
887 960 61
568 944 89
167 785 30
11 178 85
22 636 45
434 671 77
306 719 1
372 602 4
245 616 5
619 808 85
351 788 67
169 392 16
54 958 20
349 878 55
267 858 24
279 330 64
188 539 18
878 906 98
244 617 24
290 551 33
97 243 84
92 987 18
193 662 86
99 731 88
895 899 49
382 711 84
961 972 80
24 665 65
109 819 24
196 504 79
365 831 48
716 763 69
41 881 11
870 941 40
596 937 75
154 479 18
770 809 82
453 625 14
66 622 42
540 565 74
256 824 58
373 409 16
190 578 4
448 610 12
392 721 11
215 465 89
804 975 48
832 943 44
211 455 19
308 659 39
346 548 6
809 832 38
842 916 45
203 894 78
879 912 34
460 544 57
261 927 34
697 865 78
105 783 8
108 593 62
692 911 21
668 870 18
575 810 83
56 553 98
56 889 41
114 874 30
307 458 96
517 734 5
177 392 40
226 430 86
434 631 89
412 812 24
118 236 57
758 797 84
356 498 50
265 938 43
211 782 40
75 818 26
392 983 77
392 672 81
683 889 46
232 410 16
666 908 59
789 863 67
552 563 97
0 90 52
332 520 66
566 634 58
75 239 50
304 621 4
390 481 31
106 602 73
106 255 8
518 759 18
797 952 93
333 509 31
277 847 23
143 566 74
581 656 34
68 682 80
550 640 95
40 974 79
591 593 7
747 995 60
544 685 14
142 368 91
722 739 41
7 463 81
307 728 41
185 628 13
193 928 96
572 816 78
33 653 97
844 889 18
517 775 4
161 817 35
554 822 78
102 248 22
834 941 3
231 918 87
180 583 33
23 246 52
154 618 56
724 961 17
613 695 81
381 874 22
920 976 82
21 939 34
359 719 13
424 582 63
134 925 95
175 212 11
99 469 45
835 882 76
71 658 81
9 358 48
21 83 24
376 877 83
341 650 25
315 793 70
343 388 24
493 747 83
255 907 80
47 426 70
518 770 37
46 601 9
226 455 47
22 906 77
110 170 9
753 977 43
1 427 68
380 661 99
209 795 39
311 367 9
426 474 91
95 111 100
856 982 19
211 608 60
40 789 30
743 805 21
31 800 46
147 550 52
265 495 57
577 702 11
205 640 69
291 673 29
698 794 54
273 632 37
68 316 100
448 688 68
27 828 76
852 866 91
200 738 86
20 741 65
602 761 91
18 482 47
531 581 83
172 764 99
582 644 99
252 301 15
45 147 25
37 593 17
773 813 12
159 338 7
749 935 76
112 558 4
196 752 65
446 806 2
251 592 34
296 394 87
296 412 54
597 860 15
561 768 16
148 788 47
3 822 35
469 864 84
249 350 87
195 989 14
104 339 12
207 825 86
78 905 79
117 691 19
234 284 22
283 474 92
194 758 97
82 887 8
347 487 55
575 835 9
764 832 84
51 499 98
789 933 49
110 856 68
12 805 56
529 779 95
304 597 95
162 769 46
249 521 10
475 943 52
562 681 50
84 558 24
579 884 4
394 844 61
78 928 44
58 345 76
48 577 92
198 956 45
88 125 82
264 676 100
499 884 71
869 927 78
155 914 3
194 907 51
212 824 7
627 934 98
36 200 40
358 371 84
635 655 87
51 969 99
793 997 41
610 760 53
67 157 51
101 617 47
636 794 28
95 656 97
506 765 62
71 412 77
29 96 64
27 161 20
197 740 100
186 716 54
628 823 96
259 672 18
111 308 60
286 504 68
209 527 22
119 669 15
370 375 16
909 934 27
208 237 75
295 906 90
580 758 28
47 282 7
286 745 80
80 606 7
323 335 16
158 540 37
72 927 92
30 964 86
45 130 16
653 945 21
248 272 39
228 397 41
481 873 10
4 644 82
276 817 56
155 957 24
12 906 72
22 148 83
444 463 4
18 950 22
309 496 59
417 532 37
150 833 67
324 876 34
588 850 27
776 887 42
563 706 26
302 402 24
67 463 43
534 961 85
815 968 56
755 893 35
104 539 70
90 542 6
820 860 41
142 824 44
37 743 24
134 211 56
168 563 81
573 884 56
434 961 64
63 696 6
737 794 70
155 392 51
157 492 91
70 183 81
160 603 97
482 691 95
44 507 12
458 506 76
518 951 43
418 681 59
304 936 31
77 918 95
478 585 96
432 988 8
591 730 43
73 610 14
725 996 36
42 598 45
168 248 48
429 708 66
71 884 91
243 561 19
284 310 18
383 985 5
213 606 73
142 588 47
165 501 97
225 531 82
908 985 60
316 822 43
668 805 23
475 651 80
352 492 26
102 156 78
355 754 21
16 569 51
501 903 45
179 341 8
294 561 29
572 831 99
46 136 8
368 851 94
107 387 93
583 605 45
300 862 99
493 548 63
323 859 80
158 298 26
14 541 48
228 362 33
310 784 23
163 624 57
37 568 8
143 598 98
81 729 91
1 232 37
175 441 94
493 528 98
678 820 23
76 731 30
469 686 55
139 195 13
67 431 21
213 870 69
536 688 18
22 133 74
518 886 37
402 924 60
160 450 91
892 958 9
301 330 46
140 463 54
357 610 94
225 416 70
428 945 77
60 925 45
703 943 84
829 970 81
61 750 36
631 980 92
407 827 66
192 701 79
687 810 77
239 395 67
192 507 95
826 859 47
316 727 58
85 731 93
118 973 99
681 768 92
467 703 97
618 785 83
267 425 78
930 971 62
245 398 17
171 673 46
142 253 54
227 924 70
106 929 70
404 414 3
146 151 73
137 410 77
34 368 80
390 890 93
83 810 50
354 500 54
320 353 23
515 642 83
350 371 28
281 695 8
27 111 51
99 341 24
551 783 29
358 367 40
342 766 8
164 244 39
118 119 57
156 387 87
197 736 90
225 645 88
174 364 53
263 477 84
266 748 53
440 617 20
291 800 98
42 350 12
643 959 60
1 450 82
275 641 72
435 767 13
151 895 26
106 196 3
163 671 26
428 675 60
207 508 15
297 418 79
385 630 94
17 614 94
557 937 31
428 565 71
38 680 80
15 348 47
534 969 28
168 295 41
351 872 9
485 948 21
298 562 3
280 917 57
154 476 20
765 789 98
144 193 20
415 581 55
408 901 31
226 251 50
681 908 35
562 854 18
280 975 35
130 140 54
365 815 41
40 503 43
108 643 20
441 897 37
630 952 9
17 363 3
321 547 50
698 778 84
49 791 17
15 959 86
259 810 61
232 691 12
162 448 86
833 955 21
304 869 100
25 336 38
648 865 40
427 566 98
47 828 17
39 368 79
519 813 21
404 784 7
457 845 4
790 968 70
746 936 92
233 686 82
619 979 29
49 68 53
908 937 47
166 254 81
148 704 86
329 384 5
791 966 51
103 211 29
73 673 29
448 481 97
368 587 69
525 788 44
202 789 45
698 866 26
63 753 97
66 820 46
195 408 14
509 544 80
370 625 21
443 564 54
34 566 37
472 545 14
911 990 92
442 574 61
352 651 37
317 536 22
651 864 78
394 548 39
274 843 23
119 228 77
134 198 23
315 432 39
157 960 49
67 481 23
589 879 74
187 238 76
60 102 32
406 944 89
448 860 31
952 997 13
383 677 38
128 930 18
587 938 14
316 745 29
475 812 39
321 640 42
101 234 85
698 817 6
125 357 8
540 649 46
394 968 65
441 947 7
49 108 46
143 253 98
17 969 93
477 947 56
41 874 84
151 287 52
273 578 82
412 680 73
457 810 8
428 983 5
506 567 34
214 863 96
88 127 36
708 874 9
612 769 41
760 814 32
193 332 47
361 532 69
595 789 74
133 253 96
659 718 97
111 324 17
824 970 98
449 687 89
339 416 99
641 715 95
94 145 83
242 461 11
324 898 9
812 945 44
653 902 14
109 907 75
193 210 53
462 669 30
419 778 46
172 653 75
156 637 44
311 922 60
514 714 43
33 991 48
662 902 38
211 294 100
896 967 81
769 854 53
34 180 52
357 398 53
696 770 71
362 784 38
681 746 34
4 164 56
354 675 73
806 973 42
314 381 13
812 843 59
154 427 97
344 602 59
380 509 30
435 455 69
24 516 73
424 902 19
325 608 92
195 910 27
50 130 30
93 259 59
260 636 49
139 670 6
306 871 51
352 883 82
347 809 85
267 553 20
316 991 45
256 855 60
192 278 93
599 933 99
29 469 12
354 392 81
97 410 1
106 870 24
378 976 35
572 869 66
141 667 25
759 769 98
212 526 59
430 484 84
639 805 25
331 349 50
668 930 28
393 504 84
126 394 86
214 804 33
646 650 100
546 924 92
892 957 6
72 725 89
258 999 83
95 867 24
23 956 98
279 408 34
396 772 19
365 504 58
242 954 42
208 595 63
86 565 42
258 909 80
175 383 54
690 791 38
241 443 50
353 606 57
24 41 60
454 728 15
559 627 31
264 716 1
372 784 10
137 635 24
568 986 10
223 709 56
63 455 34
365 431 63
161 204 24
655 827 55
4 139 60
339 956 99
166 978 22
42 969 28
181 919 58
313 686 91
545 844 10
126 448 96
491 665 14
243 571 89
550 603 6
36 616 58
374 969 15
228 978 46
511 642 46
425 546 41
440 982 47
878 980 98
268 417 37
285 942 76
260 865 84
179 468 72
427 824 76
176 591 5
767 798 53
88 389 51
528 797 4
883 885 3
134 811 92
194 974 35
450 682 18
88 587 52
199 895 24
599 927 32
51 383 52
156 308 72
66 656 3
126 446 51
644 707 35
71 900 19
276 437 72
883 916 14
461 572 1
286 710 79
847 956 70
249 964 35
84 466 14
213 867 14
560 762 19
362 412 21
183 387 39
385 689 24
101 193 28
162 386 85
745 764 44
247 933 17
145 747 69
160 649 23
855 872 30
478 511 34
549 949 92
6 147 57
399 673 15
51 961 44
45 908 97
807 980 92
244 820 13
435 775 7
26 65 51
900 972 44
276 305 72
450 859 19
268 946 90
68 307 66
116 550 47
563 704 47
128 449 55
77 718 32
384 685 37
194 278 46
644 807 83
514 916 29
602 970 44
175 907 82
128 289 95
385 435 52
304 347 48
237 436 5
23 877 17
587 591 53
732 876 34
77 378 72
231 628 63
120 632 65
144 727 82
51 913 27
153 411 86
39 171 12
3 157 46
194 883 5
256 501 87
334 498 32
397 435 93
199 892 41
377 987 59
20 969 23
457 563 65
296 847 82
469 671 91
177 741 79
99 777 81
353 724 73
158 868 20
737 880 77
58 293 26
480 962 11
343 927 61
19 601 60
794 968 68
907 942 34
365 379 18
131 160 25
308 493 91
42 438 1
414 745 22
562 591 62
171 327 10
676 958 86
99 318 10
808 824 53
736 903 85
187 744 68
55 291 63
275 361 23
